#station    plane   sensor  dx  dy  dz  dphi    detheta dpsi

0    0    0    0  -0    0    0    0    0  
0    1    0    -0    0    0     0    0    0  
1    0    0    0  2.32663    0    0    0    0  
1    1    0    -0.290231    0    0     0    0    0  
2    1    0    0  2.82448    0    0    0    0  
2    2    0    -0.234532    0    0     0    0    0  
3    1    0    0  3.31513    0    0    0    0  
3    2    0    -0.76612    0    0     0    0    0  
4    0    0    0  3.35301    0    0    0    0  
4    1    0    4.17474    0    0     0    0    0  
2    0    0      0      0    0    0    0    0  
3    0    0      0      0    0    0    0    0  
5    0    0    -0    0    0     0    0    0  
5    0    1    1.59019    0    0     0    0    0  
5    1    0    0  -0    0    0    0    0  
5    1    1    0  1.24395    0    0    0    0  
5    2    0      0      0    0    0    0    0  
5    2    1      0      0    0    0    0    0  
6    0    0    3.99849    0    0     0    0    0  
6    0    1    5.5007    0    0     0    0    0  
6    1    0    0  2.9777    0    0    0    0  
6    1    1    0  4.45831    0    0    0    0  
6    2    0      0      0    0    0    0    0  
6    2    1      0      0    0    0    0    0  
7    0    0    4.43533    0    0     0    0    0  
7    0    1    4.4372    0    0     0    0    0  
7    1    0    0  4.18399    0    0    0    0  
7    1    1    0  4.18498    0    0    0    0  
