#station    plane   sensor  dx  dy  dz  dphi    detheta dpsi

0    0    0    0  -0    0    0    0    0  
0    1    0    -0    0    0     0    0    0  
1    0    0    0  2.32269    0    0    0    0  
1    1    0    -0.289675    0    0     0    0    0  
2    1    0    0  2.82035    0    0    0    0  
2    2    0    -0.229478    0    0     0    0    0  
3    1    0    0  3.31192    0    0    0    0  
3    2    0    -0.763252    0    0     0    0    0  
4    0    0    0  3.35413    0    0    0    0  
4    1    0    4.17618    0    0     0    0    0  
2    0    0    -1.09942  1.09942  0    0    0    0  
3    0    0    -1.49663  1.49663  0    0    0    0  
5    0    0    -0    0    0     0    0    0  
5    0    1    1.60189    0    0     0    0    0  
5    1    0    0  -0    0    0    0    0  
5    1    1    0  1.24913    0    0    0    0  
5    2    0    -0.113264  0.113264  0    0    0    0  
5    2    1    -0.991507  0.991507  0    0    0    0  
6    0    0    4.00381    0    0     0    0    0  
6    0    1    5.51871    0    0     0    0    0  
6    1    0    0  2.97981    0    0    0    0  
6    1    1    0  4.46847    0    0    0    0  
6    2    0    1.0097  -1.0097  0    0    0    0  
6    2    1    0.209927  -0.209927  0    0    0    0  
7    0    0    4.438    0    0     0    0    0  
7    0    1    4.43986    0    0     0    0    0  
7    1    0    0  4.20458    0    0    0    0  
7    1    1    0  4.20557    0    0    0    0  
