0  0  0  -0.4559  0.6273  0  -1.12  -2.123  -2.059
0  0  1  -1.319  -1.278  0  2.414  -1.617  -2.525
0  1  0  1.295  1.903  0  0.3282  -1.536  2.228
0  1  1  -0.4577  0.514  0  -0.4288  -0.4911  0.6577
0  2  0  2.363  -3.055  0  0.6385  -2.486  5.302
0  2  1  -4.494  -6.221  0  -0.8689  0.3218  -1.151
1  0  0  0.0363  6.668  0  -0.1  -3.983  -3.739
1  0  1  -2.354  -0.6261  0  -1.11  -0.1404  -2.733
1  1  0  -1.4  1.776  0  1.045  2.047  -2.871
1  1  1  0.7652  -0.3109  0  0.4954  0.09295  2.597
1  2  0  0.6611  0.3111  0  -1.659  -1.978  1.539
1  2  1  -0.6341  -2.701  0  2.814  0.1636  -1.736
2  0  0  -5.578  1.929  0  0.5932  -2.413  -1.294
2  0  1  -0.1781  1.403  0  2.147  -2.473  0.1981
2  1  0  -2.236  0.9845  0  0.7399  0.594  -0.7367
2  1  1  2.986  -0.2995  0  2.826  -2.459  -2.333
2  2  0  -2.387  -1.386  0  -1.038  -0.4652  -0.1617
2  2  1  -8.497  -1.693  0  -0.5698  -1.87  -0.2128
3  0  0  0.9183  1.29  0  1.336  -2.178  1.07
3  0  1  -0.8548  0.903  0  -1.577  -0.3195  2.098
3  1  0  2.634  4.893  0  0.8371  0.8964  -0.7623
3  1  1  2.895  5.072  0  -1.248  0.736  1.965
3  2  0  -5.386  0.904  0  1.319  2.738  1.138
3  2  1  -2.319  1.259  0  -0.3447  -0.1162  0.9899
4  0  0  -1.947  -1.606  0  -0.4992  2.507  -2.692
4  0  1  3.095  1.853  0  2.705  1.355  1.057
4  1  0  0.1979  -1.569  0  0.851  -0.0246  -0.3902
4  1  1  -2.108  -7.122  0  2.59  -1.45  -0.1745
4  2  0  -1.703  2.727  0  0.07364  -1.568  -0.8357
4  2  1  -2.532  0.1517  0  0.06316  0.9993  1.253
5  0  0  -0.7287  -1.716  0  -2.789  -3.838  0.1175
5  0  1  -2.316  0.9491  0  -2.939  -1.579  -1.737
5  1  0  4.953  3.385  0  0.5321  0.8815  -0.8056
5  1  1  2.44  0.4232  0  2.067  0.5471  -0.8258
5  2  0  1.607  0.9551  0  4.556  -0.9275  0.1327
5  2  1  -3.312  1.349  0  -3.337  -0.4957  -3.648
6  0  0  -2.447  0.6698  0  0.5828  -3.92  -0.1316
6  0  1  3.762  2.132  0  3.151  2.189  -1.196
6  1  0  -3.707  -2.718  0  2.584  -0.8414  0.5386
6  1  1  -2.121  1.89  0  0.9569  2.952  -0.1127
6  2  0  -0.4195  1.523  0  1.58  -2.628  -2.55
6  2  1  2.566  -1.101  0  -2.1  -4.117  -0.506
7  0  0  -3.335  5.939  0  0.6644  0.8849  -0.01474
7  0  1  0.3309  1.991  0  -0.04438  -0.8957  -1.254
7  1  0  -2.764  4.779  0  1.092  0.57  2.955
7  1  1  3.563  -0.4324  0  0.4831  -3.64  1.244
7  2  0  -0.6149  0.1289  0  -1.668  0.572  1.849
7  2  1  -0.8611  -0.3069  0  -0.01144  -0.08722  -0.4323
