0  0  0  -2.097  0.5  0  4.053  0.982  -0.6174
0  0  1  -5.446  -4.771  0  1.778  -2.765  -1.841
0  1  0  -1.129  -2.45  0  2.092  -1.945  1.434
0  1  1  4.482  0.8032  0  -1.306  2.026  0.2425
0  2  0  -2.915  -5.074  0  0.1964  1.292  0.1514
0  2  1  8.18  -4.349  0  0.2212  0.6076  2.292
1  0  0  2.473  -1.439  0  -0.4972  -2.318  -1.162
1  0  1  3.131  -3.318  0  -2.569  0.9673  1.522
1  1  0  2.107  -1.355  0  0.5289  0.9763  1.948
1  1  1  -1.892  -1.452  0  -2.935  -1.903  1.749
1  2  0  -2.749  -1.493  0  -1.568  -2.181  -0.05782
1  2  1  0.2423  -1.405  0  -2.993  -0.9958  0.1273
2  0  0  2.913  -1.865  0  2.712  -2.011  -0.08902
2  0  1  -1.526  -3.785  0  -0.7213  -1.39  -2.3
2  1  0  6.283  1.871  0  -1.02  1.954  0.8739
2  1  1  -0.4173  -5.418  0  1.085  -2.675  0.3931
2  2  0  -2.151  0.0228  0  -0.7132  -4.582  0.623
2  2  1  0.3942  4.755  0  0.06557  1.288  -1.117
3  0  0  -6.009  -5.872  0  0.8785  0.1902  2.896
3  0  1  -3.486  -2.921  0  -0.02842  -3.789  -1.928
3  1  0  -1.438  -0.3142  0  -2.03  1.693  -0.1997
3  1  1  -0.02983  -2.067  0  -2.645  -0.9044  2.447
3  2  0  -0.915  -7.1  0  2.542  0.2213  -3.306
3  2  1  1.552  -0.9213  0  1.803  2.468  -0.2793
4  0  0  -0.8367  -0.9988  0  1.885  0.1378  -1.307
4  0  1  6.055  -0.8251  0  3.418  1.206  -1.442
4  1  0  0.2944  -0.4668  0  -3.306  1.51  -0.2186
4  1  1  3.516  -4.723  0  -0.5427  -3.123  -4.164
4  2  0  1.036  -4.066  0  -3.075  -2.168  1.133
4  2  1  -5.404  2.16  0  0.6353  3.983  -2.15
5  0  0  2.946  0.7569  0  1.052  -0.2304  -1.859
5  0  1  -1.667  2.186  0  -0.437  3.149  -1.619
5  1  0  -3.073  -0.04144  0  0.6554  0.6407  2.014
5  1  1  2.576  -7.093  0  0.4137  -0.2832  -1.906
5  2  0  -1.702  0.5523  0  -0.5453  0.0647  -1.817
5  2  1  -0.6014  -3.87  0  1.228  -2.879  0.8689
6  0  0  6.252  0.4671  0  3.034  -1.248  2.013
6  0  1  -2.622  -2.596  0  4.4  -3.708  -3.102
6  1  0  -5.71  -1.516  0  -0.6531  1.189  -4.225
6  1  1  -3.222  0.7026  0  0.1118  -0.8969  2.348
6  2  0  4.189  -4.19  0  -2.129  -3.241  -0.9125
6  2  1  2.962  0.9909  0  0.1238  0.8404  0.05375
7  0  0  1.497  -0.6592  0  0.2626  3.622  -0.1127
7  0  1  -0.1168  6.438  0  -1.372  0.666  -1.569
7  1  0  -0.5085  0.7383  0  1.468  -1.731  0.9175
7  1  1  0.582  -0.2881  0  0.6117  0.01202  -0.2116
7  2  0  -3.067  -1.283  0  0.3601  -0.1927  -0.1575
7  2  1  -0.508  -4.916  0  0.4806  -1.63  -1.831
