0  0  0  -2.628  0.09812  0  -3.449  2.207  -1.898
0  0  1  2.262  -0.9291  0  -0.07726  0.4021  3.78
0  1  0  -4.591  3.616  0  -1.57  -1.634  0.7799
0  1  1  -1.341  -2.734  0  0.04639  -1.512  2.339
0  2  0  1.703  -4.278  0  1.997  -1.009  -3.097
0  2  1  -4.079  -2.147  0  -1.206  0.2377  3.962
1  0  0  0.4037  -2.07  0  -0.1567  -1.935  2.001
1  0  1  -1.034  0.0882  0  -3.856  -2.242  -1.832
1  1  0  -1.238  0.3718  0  -1  -1.891  0.04748
1  1  1  -3.598  3.242  0  3.768  -0.01835  -1.874
1  2  0  -0.1067  0.02555  0  1.53  -1.165  -0.4305
1  2  1  0.5977  0.1202  0  2.19  2.148  1.864
2  0  0  -3.429  1.339  0  2.231  -1.327  -0.253
2  0  1  -3.985  -1.292  0  1.857  -0.05599  -1.193
2  1  0  0.05537  2.757  0  -4.289  1.615  0.3173
2  1  1  5.828  -2.236  0  0.7101  -2.263  2.207
2  2  0  1.273  5.084  0  4.473  -4.484  -0.741
2  2  1  -2.421  -0.6266  0  5.073  -1.228  1.35
3  0  0  0.3337  3.841  0  -3.067  1.48  -3.115
3  0  1  -4.4  0.3432  0  2.411  -1.997  3.392
3  1  0  -3.662  -1.545  0  -1.52  -0.09771  2.076
3  1  1  -2.507  -3.169  0  -0.04337  0.7244  0.2035
3  2  0  -4.562  1.294  0  1.6  2.033  1.612
3  2  1  1.109  -0.2089  0  -0.05935  -0.1082  -0.5451
4  0  0  0.4049  -0.7636  0  -3.039  2.609  -1.539
4  0  1  1.777  -1.677  0  -1.315  -1.362  -0.4928
4  1  0  -0.4062  -0.9847  0  -3.112  -0.5389  -2.956
4  1  1  2.591  3.024  0  2.176  -0.2416  0.07329
4  2  0  0.987  -1.421  0  0.899  2.724  -3.088
4  2  1  -0.9222  -3.266  0  -0.1185  -1.603  1.694
5  0  0  -0.02351  -1.414  0  1.709  -0.4328  -1.847
5  0  1  -5.528  2.47  0  2.33  -0.03903  -1.248
5  1  0  -1.443  -0.4344  0  -0.07149  -2.548  -4.025
5  1  1  -2.463  -1.876  0  -2.73  0.6173  1.282
5  2  0  1.896  2.083  0  1.57  -2.012  2.729
5  2  1  0.1822  1.914  0  -0.5395  3.725  -3.121
6  0  0  -1.793  3.792  0  1.512  -0.5738  -2.789
6  0  1  -0.009409  -1.83  0  0.1894  -2.918  1.615
6  1  0  3.107  0.3868  0  1.434  -1.599  5.627
6  1  1  -0.3332  0.1406  0  2.881  0.1472  0.6573
6  2  0  -0.9834  3.883  0  0.6707  -1.269  1.869
6  2  1  4.014  2.42  0  -2.536  -0.6103  2.152
7  0  0  -2.147  -1.035  0  2.683  -3.481  -3.299
7  0  1  1.785  1.365  0  -2.974  -2.469  -0.5449
7  1  0  2.181  2.306  0  1.6  -1.006  -0.1399
7  1  1  0.02977  3.982  0  1.712  -2.138  -0.4795
7  2  0  -2.022  3.062  0  2.828  2.481  0.4827
7  2  1  -4.87  -3.166  0  -1.098  0.7079  -2.383
