0  0  0  -0.4923  2.232  0  -2.678  0.06054  -4.168
0  0  1  1.273  -2.97  0  -1.959  1.187  -1.159
0  1  0  -3.655  3.55  0  -0.2965  3.018  2.719
0  1  1  -0.416  3.39  0  -4.077  2.568  1.905
0  2  0  2.755  0.1509  0  -4.085  1.617  -1.954
0  2  1  -0.366  -3.323  0  -0.6668  -1.622  0.5779
1  0  0  1.929  -3.578  0  1.368  -0.6984  -3.356
1  0  1  -3.377  -0.9486  0  -0.5542  -1.524  2.406
1  1  0  4.227  2.874  0  1.715  1.351  -0.07273
1  1  1  -2.548  4.409  0  -0.3363  -1.941  0.6479
1  2  0  3.842  -5.834  0  0.005903  -0.1953  1.544
1  2  1  -1.953  -5.733  0  2.453  0.3079  0.7458
2  0  0  -0.3725  -8.379  0  -1.249  0.3483  -2.232
2  0  1  1.824  2.851  0  1.434  1.124  1.53
2  1  0  -0.6986  0.7973  0  -4.008  -2.087  0.8307
2  1  1  1.369  2.875  0  1.453  0.5582  -1.421
2  2  0  2.314  -1.535  0  0.5998  -1.601  -1.882
2  2  1  -3.971  0.519  0  0.02007  2.014  -1.803
3  0  0  1.018  0.4885  0  -1.61  -1.419  2.037
3  0  1  1.848  0.3752  0  -1.548  -0.1698  3.753
3  1  0  -2.559  -5.821  0  -1.321  -0.035  -1.142
3  1  1  1.934  3.434  0  2.95  -0.276  -0.8931
3  2  0  -0.8621  -3.357  0  3.916  -0.3826  -0.3982
3  2  1  -3.958  2.076  0  3.155  1.885  0.1441
4  0  0  2.703  -1.448  0  -2.406  2.831  1.783
4  0  1  1.898  0.6056  0  1.458  0.4905  -1.45
4  1  0  4.652  0.3287  0  0.1847  0.9755  2.681
4  1  1  -0.7038  0.3259  0  1.503  5.177  -3.958
4  2  0  -1.391  0.8675  0  -2.183  -0.9044  -1.658
4  2  1  -3.199  -0.9688  0  1.883  1.265  -4.129
5  0  0  -4.946  2.922  0  -1.681  2.317  0.8081
5  0  1  -7.218  2.636  0  -2.769  -1.122  -0.9059
5  1  0  4.51  -3.011  0  0.2352  -2.043  -1.029
5  1  1  1.74  4.065  0  -0.4116  -0.05393  -1.452
5  2  0  -1.568  -2.352  0  2.29  0.3757  -2.745
5  2  1  2.072  0.8073  0  2.37  2.189  -3.697
6  0  0  2.753  -2.632  0  2.459  1.617  -1.811
6  0  1  1.58  -1.363  0  -1.754  -0.199  2.451
6  1  0  2.503  0.8735  0  -0.06519  3.323  2.618
6  1  1  1.444  1.192  0  0.9284  2.255  2.44
6  2  0  -0.8256  -4.05  0  -2.745  -0.917  -0.217
6  2  1  -1.478  -0.7948  0  -0.5958  -0.8586  -2.178
7  0  0  1.572  -1.508  0  -2.798  -0.8063  -0.9721
7  0  1  -1.093  0.4435  0  1.377  -1.423  -0.3127
7  1  0  -2.817  0.1045  0  -4.046  -0.8032  -1.874
7  1  1  -2.398  1.184  0  -2.485  -3.436  -0.7854
7  2  0  2.427  -3.25  0  -0.891  -0.2484  -0.5214
7  2  1  1.751  3.086  0  -3.423  -0.9558  -2.495
