0  0  0  3.69  -4.901  0  1.357  -0.7757  -2.334
0  0  1  -3.862  -0.5942  0  2.309  -2.427  4.431
0  1  0  -2.1  -4.081  0  -2.646  1.259  0.4077
0  1  1  0.03878  -0.1943  0  3.194  1.594  1.716
0  2  0  -0.8447  2.847  0  -2.797  -0.3085  -0.2373
0  2  1  1.133  -3.71  0  -0.9025  2.802  -0.5242
1  0  0  -2.215  -0.2491  0  0.8354  -0.2126  -3.143
1  0  1  1.884  0.4994  0  1.919  2.601  0.7881
1  1  0  0.3391  3.854  0  -0.02247  2.72  -0.2302
1  1  1  1.174  -3.983  0  -2.615  -0.3438  -0.5048
1  2  0  1.93  -0.8732  0  -0.6166  1.563  -3.172
1  2  1  0.4751  0.1268  0  2.575  -0.7532  0.08167
2  0  0  -0.3833  -0.8561  0  -1.001  -3.35  -0.4424
2  0  1  -1.43  -4.623  0  5.392  -3.521  1.789
2  1  0  2.417  0.7553  0  0.2468  -0.4558  -0.5929
2  1  1  -2.94  0.5014  0  2.211  1.282  -4.737
2  2  0  3.024  -2.365  0  -0.6358  -1.799  -1.777
2  2  1  -1.559  -0.5193  0  1.618  -1.382  -1.183
3  0  0  -0.7756  -0.7397  0  -0.8391  0.2927  -4.593
3  0  1  3.381  -4.414  0  2.839  0.4727  -4.334
3  1  0  2.129  1.032  0  -1.51  0.426  -0.4571
3  1  1  1.513  -0.5785  0  0.9629  0.2544  0.1368
3  2  0  0.3255  1.378  0  -0.742  -1.195  -1.131
3  2  1  -1.36  2.189  0  0.7088  -0.07997  -1.726
4  0  0  -1.814  -6.977  0  2.313  -1.191  -2.223
4  0  1  -2.551  -1.192  0  -0.7579  -1.128  -1.608
4  1  0  0.2476  5.731  0  -0.3226  -1.907  2.602
4  1  1  2.389  -0.74  0  1.936  -0.8825  -5.829
4  2  0  -0.7329  -0.8616  0  3.967  0.3723  -0.5787
4  2  1  7.228  1.597  0  -1.175  2.714  -1.573
5  0  0  -0.3719  2.994  0  1.774  0.9455  1.234
5  0  1  -0.8937  0.6361  0  -0.2085  -2.328  4.46
5  1  0  -0.293  -0.4935  0  -1.08  -3.192  2.614
5  1  1  4.565  3.452  0  4.051  0.5711  -0.8147
5  2  0  3.29  -1.191  0  0.01306  -3.584  -2.014
5  2  1  -3.664  -3.12  0  -1.495  2.093  -1.507
6  0  0  2.284  0.8837  0  1.611  -0.3169  1.321
6  0  1  1.637  -4.984  0  -3.261  1.859  1.464
6  1  0  4.501  0.8592  0  2.269  0.9375  0.5577
6  1  1  1.717  2.325  0  -0.9815  -1.416  0.8951
6  2  0  1.249  -2.566  0  1.852  -0.853  1.325
6  2  1  -3.355  3.155  0  -1.808  -2.625  1.229
7  0  0  2.598  -6.25  0  -0.8227  3.923  2.428
7  0  1  -3.039  3.153  0  3.49  4.597  2.685
7  1  0  1.623  -0.8553  0  -0.8304  -0.06043  2.746
7  1  1  3.065  2.271  0  -1.572  -0.3169  -0.5396
7  2  0  3.411  1.697  0  -0.3781  -0.7529  -0.03608
7  2  1  2.838  4.174  0  -0.6751  -2.435  -0.4499
