0  0  0  0.4918  -5.829  0  0.9615  -1.065  -2.05
0  0  1  -0.2056  3.944  0  -2.912  -1.699  -1.597
0  1  0  -0.9448  3.013  0  -1.193  -0.3873  4.397
0  1  1  5.157  -4.211  0  -1.369  -2.855  -2.311
0  2  0  -2.148  -0.1492  0  0.6496  -0.5895  -0.7403
0  2  1  -3.335  -1.285  0  0.7567  0.07317  2.44
1  0  0  -2.197  -2.887  0  1.969  1.278  -1.166
1  0  1  -0.2354  0.6255  0  2.663  1.893  1.969
1  1  0  1.033  -2.632  0  -1.481  2.302  0.5264
1  1  1  5.189  -1.94  0  1.736  -0.1458  -0.2082
1  2  0  -3.125  -0.5945  0  2.201  0.07892  -1.144
1  2  1  -1.597  3.401  0  0.6072  2.171  -5.16
2  0  0  5.523  2.053  0  -1.276  0.4255  0.1953
2  0  1  4.566  0.1541  0  0.4703  0.3664  -1.513
2  1  0  4.28  -2.53  0  1.708  -2.257  2.115
2  1  1  0.3631  -3.088  0  1.056  2.447  -1.465
2  2  0  -1.022  -2.686  0  -3.514  -0.2906  1.528
2  2  1  4.178  -0.6439  0  0.4281  -0.9388  1.609
3  0  0  -0.3655  -2.285  0  2.703  -0.6542  -2.805
3  0  1  -5.869  -0.306  0  2.573  -2.516  3.113
3  1  0  1.721  2.193  0  0.9846  -1.819  0.5862
3  1  1  -6.505  6.282  0  -0.2543  1.502  -2.972
3  2  0  -5.239  2.359  0  -4.243  0.7169  1.578
3  2  1  -0.2886  2.339  0  1.73  -0.02421  0.3465
4  0  0  -1.733  2.369  0  2.506  0.5242  -0.7722
4  0  1  1.179  3.505  0  1.003  3.868  -0.1691
4  1  0  -3.32  -2.613  0  -5.53  0.6164  1.303
4  1  1  -2.663  -1.992  0  -0.2108  1.791  0.0922
4  2  0  3.638  2.948  0  -0.9614  -2.361  2.246
4  2  1  3.387  0.8959  0  1.832  -1.307  -1.247
5  0  0  -3.218  1.708  0  1.009  2.747  0.8592
5  0  1  -1.15  -4.482  0  0.9732  0.546  -1.341
5  1  0  -2.32  1.259  0  -1.473  0.9154  1.279
5  1  1  7.119  -2.454  0  1.327  4.06  2.426
5  2  0  -3.678  2.488  0  -2.852  2.493  -0.6854
5  2  1  -3.334  -0.1539  0  4.315  -1.858  0.839
6  0  0  -3.709  -0.5541  0  1.158  -4.191  -4.152
6  0  1  -1.222  1.784  0  -0.7342  -1.703  -1.458
6  1  0  -2.026  0.9229  0  0.4839  -1.528  2.386
6  1  1  -1.03  2.255  0  -1.68  2.826  5.648
6  2  0  7.143  0.8849  0  -1.163  0.9312  -0.982
6  2  1  -5.349  1.862  0  2.862  1.107  -2.902
7  0  0  -0.2268  -3.784  0  -0.7025  -2.156  -0.118
7  0  1  0.1052  -0.5698  0  3.66  0.05384  -1.919
7  1  0  1.771  -0.2507  0  0.9124  0.8844  0.6691
7  1  1  3.467  -2.479  0  -0.4645  0.7834  -1.633
7  2  0  -0.5799  -0.9177  0  -2.438  -0.7547  -0.2881
7  2  1  1.394  -2.364  0  -0.2347  0.7319  2.394
