0  0  0  0.7623  3.065  0  -0.9996  -0.5843  -0.8643
0  0  1  -3.091  -0.7238  0  -1.736  0.2481  -2.689
0  1  0  -5.859  3.638  0  0.6305  1.431  4.679
0  1  1  1.455  0.8257  0  1.176  -0.8271  0.4908
0  2  0  -0.8926  1.146  0  1.108  -1.955  2.681
0  2  1  1.442  8.696  0  1.838  -2.095  -2.73
1  0  0  -1.813  -4.425  0  0.3036  -0.657  -1.121
1  0  1  3.115  -3.692  0  0.2924  1.015  -0.3156
1  1  0  -0.3509  -2.469  0  1.507  5.656  3.423
1  1  1  -2.202  -0.2461  0  0.2751  1.964  3.099
1  2  0  -0.8221  -4.108  0  0.4462  -3.347  -0.1534
1  2  1  1.686  -1.98  0  -0.1548  -2.444  2.673
2  0  0  0.469  2.07  0  -0.3676  1.653  0.5066
2  0  1  3.703  -2.274  0  0.6364  -2.103  0.3677
2  1  0  -0.333  -3.033  0  -3.978  -2.329  2.149
2  1  1  4.851  2.846  0  2.298  0.3814  1.858
2  2  0  -0.1099  2.41  0  -2.146  5.042  3.134
2  2  1  0.4899  4.617  0  -1.411  2.634  -2.095
3  0  0  -4.137  3.031  0  -2.813  -1.518  1.705
3  0  1  2.193  2.411  0  -1.876  -0.2506  -1.28
3  1  0  -2.099  2.066  0  -2.655  -2.209  -1.855
3  1  1  1.386  1.379  0  0.727  0.8102  3.771
3  2  0  -4.624  -1.38  0  -0.2047  -1.726  0.8552
3  2  1  4.643  4.299  0  -1.154  -0.3905  -2.499
4  0  0  5.051  -5.459  0  -3.034  -0.05508  3.592
4  0  1  -5.605  2.586  0  -3.468  0.07491  -3.987
4  1  0  3.681  -3.403  0  -0.7541  -4.026  0.6087
4  1  1  -1.043  9.452  0  -0.9965  -0.1567  1.533
4  2  0  1.208  -1.444  0  -0.8438  -1.385  0.9906
4  2  1  1.071  -10.94  0  -5.334  -0.4893  -1.964
5  0  0  3.431  -0.07103  0  4.024  2.208  0.9394
5  0  1  2.504  0.3109  0  1.782  0.9556  -2.698
5  1  0  1.004  -1.629  0  0.03441  -1.552  -1.429
5  1  1  1.165  1.058  0  -2.099  1.402  -1.557
5  2  0  0.08151  -1.609  0  4.535  0.0813  1.316
5  2  1  -2.871  -0.3001  0  3.053  -2.283  -0.5642
6  0  0  3.746  1.165  0  -0.06877  -2.274  -0.4824
6  0  1  -5.191  -0.3956  0  -0.5932  -0.4908  0.01182
6  1  0  -1.746  1.167  0  -1.151  0.3789  2.509
6  1  1  -2.971  1.138  0  -2.327  -2.397  -1.699
6  2  0  -2.046  4.748  0  -0.5267  0.6624  -0.4774
6  2  1  7.744  1.146  0  -0.9961  -0.06714  -2.994
7  0  0  2.077  -3.156  0  1.724  -3.543  2.341
7  0  1  5.82  3.089  0  1.468  -1.077  1.208
7  1  0  -0.8113  -1.986  0  -2.845  0.3051  0.5919
7  1  1  -7.916  -4.395  0  0.8113  -2.241  -1.765
7  2  0  2.03  -1.098  0  -0.7942  1.068  -0.009307
7  2  1  -2.352  -4.385  0  2.552  2.55  -1.483
