0  0  0  -3.765  -5.876  0  -3.078  0.26  2.007
0  0  1  -3.284  -6.783  0  1.103  1.171  -2.036
0  1  0  2.294  -7.14  0  0.4246  1.768  -0.1805
0  1  1  2.945  -0.07243  0  -2.322  0.4291  -2.138
0  2  0  -3.9  -1.53  0  -3.748  -1.445  2.787
0  2  1  -0.04442  1.143  0  -1.593  3.264  -0.4339
1  0  0  -1.846  1.142  0  0.3097  -1.819  1.665
1  0  1  0.4758  -5.535  0  -2.081  0.9458  -1.414
1  1  0  1.054  -4.19  0  2.078  2.64  0.01532
1  1  1  1.708  3.133  0  -1.465  -0.7564  0.1145
1  2  0  0.7905  -6.571  0  4.929  0.7102  3.168
1  2  1  -3.875  0.7224  0  0.5311  -1.086  0.4441
2  0  0  -2.257  -2.474  0  1.551  0.2487  -0.233
2  0  1  -1.278  0.07333  0  0.9776  0.3023  -0.521
2  1  0  2.972  -2.643  0  -0.3345  -1.075  -5.435
2  1  1  0.8448  -3.515  0  -2.434  -1.055  2.196
2  2  0  -0.4192  0.8199  0  0.7778  -0.3402  2.483
2  2  1  -1.143  -1.342  0  1.031  2.17  1.435
3  0  0  2.865  0.6778  0  -0.7701  -0.3583  -0.9709
3  0  1  1.615  0.7905  0  0.07966  -2.299  -0.5589
3  1  0  -1.539  -3.62  0  -1.26  -2.176  0.1757
3  1  1  0.01711  4.288  0  -3.77  1.05  -1.373
3  2  0  1.463  3.16  0  -0.3063  1.796  -2.407
3  2  1  -6.892  2.881  0  1.086  -1.469  1.883
4  0  0  -0.4146  -2.185  0  1.267  -1.945  1.094
4  0  1  0.242  -2.142  0  -2.991  -0.1744  -0.3122
4  1  0  3.52  -3.577  0  -0.9385  -1.56  -3.605
4  1  1  -2.523  -2.939  0  -5.006  -1.38  -0.6007
4  2  0  -5.6  2.461  0  -0.8678  0.205  -2.027
4  2  1  0.8777  -0.362  0  3.474  1.798  -0.3796
5  0  0  2.393  1.353  0  3.337  2.456  -0.5071
5  0  1  3.025  2.085  0  -1.493  -0.7943  -2.072
5  1  0  -2.474  1.912  0  0.1353  1.928  0.4975
5  1  1  -4.464  4.395  0  0.5509  -0.9162  2.785
5  2  0  2.474  -4.319  0  -0.26  -0.2743  -2.328
5  2  1  0.4016  -1.42  0  -1.369  1.212  -0.9775
6  0  0  -0.7075  -0.5288  0  0.5721  0.292  1.93
6  0  1  3.065  1.724  0  3.473  1.299  1.198
6  1  0  1.869  3.51  0  1.855  -1.155  -1.305
6  1  1  2.89  3.373  0  0.3047  3.335  -1.202
6  2  0  -3.28  -2.148  0  -0.8893  -0.5026  1.594
6  2  1  0.5957  0.5767  0  -2.354  0.9547  -1.771
7  0  0  -1.893  2.123  0  -0.519  1.703  1.458
7  0  1  -3.048  -0.2192  0  -3.928  1.357  0.7574
7  1  0  -4.921  -1.113  0  2.482  -0.9726  -2.151
7  1  1  2.691  0.1016  0  2.101  3.204  0.4727
7  2  0  3.059  -2.99  0  -1.612  -2.285  -0.6996
7  2  1  -2.54  0.7945  0  -0.5062  -0.5016  0.03475
