0  0  0  1.584  -1.617  0  -1.27  1.842  -1.192
0  0  1  4.119  -0.0636  0  -0.4322  0.7649  2.621
0  1  0  0.7621  -5.466  0  -1.109  3.075  0.2643
0  1  1  3.265  -1.054  0  0.2118  -0.2408  0.6809
0  2  0  -2.106  2.18  0  2.065  1.61  -0.6695
0  2  1  -0.305  -3.393  0  -1.736  -3.707  -2.166
1  0  0  4.408  -1.19  0  0.9855  -0.8063  2.125
1  0  1  -2.295  -1.271  0  -2.869  3.114  -3.226
1  1  0  0.3307  -5.032  0  -0.1173  -1.504  0.4922
1  1  1  5.958  -2.169  0  -1.088  -2.81  -2.093
1  2  0  3.247  -0.5003  0  -0.3915  -0.6762  -1.219
1  2  1  0.6447  -1.806  0  -0.117  -1.319  -1.465
2  0  0  1.784  0.6349  0  -3.882  -0.8722  -0.05627
2  0  1  2.323  1.664  0  -2.351  -3.062  3.753
2  1  0  3.66  -0.5969  0  -1.116  -0.9985  -0.1489
2  1  1  0.6829  -2.668  0  -1.562  -0.9676  2.203
2  2  0  -0.9661  -0.4491  0  0.5005  1.737  -1.862
2  2  1  -0.4534  -2.762  0  -0.1371  2.314  -4.46
3  0  0  -1.423  3.02  0  3.609  -3.208  0.3588
3  0  1  -2.334  -3.298  0  -0.3141  -2.545  2.228
3  1  0  0.9373  4.231  0  0.4506  2.636  1.765
3  1  1  0.2393  4.108  0  -4.462  0.7909  -4.417
3  2  0  2.958  -5.553  0  3.913  -3.547  1.035
3  2  1  -5.539  -4.949  0  -2.766  0.5896  -0.3501
4  0  0  2.42  4.413  0  1.413  -2.925  2.923
4  0  1  -0.9052  5.7  0  -1.602  -0.8023  -1.656
4  1  0  1.827  1.916  0  5.097  1.232  -0.5391
4  1  1  -1.012  -1.298  0  -0.4527  1.238  0.9149
4  2  0  2.009  4.853  0  -1.331  1.783  -2.317
4  2  1  -1.276  -2.748  0  0.9531  -1.441  -3.136
5  0  0  -0.1446  0.9803  0  2.652  -3.382  1.82
5  0  1  -1.054  -2.443  0  4.425  -0.558  -1.656
5  1  0  0.7138  -5.451  0  2.588  3.374  -0.1939
5  1  1  -0.5231  4.32  0  2.296  0.9807  2.499
5  2  0  -1.665  -2.826  0  3.254  -1.972  3.633
5  2  1  -4.21  5.816  0  -1.636  3.288  1.693
6  0  0  4.248  -0.5353  0  2.226  -3.227  3.107
6  0  1  2.826  7.834  0  -2.517  2.651  0.815
6  1  0  4.227  0.3241  0  -1.348  3.646  2.492
6  1  1  -1.745  -3.541  0  -1.441  -0.7974  -1.302
6  2  0  0.3512  -4.727  0  -3.22  -3.342  3.149
6  2  1  -1.769  1.404  0  2.686  0.827  -0.7524
7  0  0  0.2814  2.76  0  -0.2734  3.213  -4.636
7  0  1  -1.887  1.242  0  -1.136  2.349  0.2702
7  1  0  5.384  -3.486  0  2.858  2.207  -0.1753
7  1  1  -0.3289  -2.27  0  2.88  4.773  0.9637
7  2  0  -2.689  0.6174  0  0.2989  1.334  2.069
7  2  1  4.368  -1.596  0  3.595  -2.467  3.007
