0  0  0  -1.171  0.2432  0  1.741  2.423  -0.923
0  0  1  -3.145  -2.164  0  -0.1191  0.6544  -1.557
0  1  0  3.001  -1.184  0  -0.7277  1.306  -2.174
0  1  1  3.036  0.1115  0  3.495  0.788  -1.772
0  2  0  2.26  0.6493  0  1.105  1.068  -1.938
0  2  1  -1.769  1.095  0  3.486  -0.7424  -1.487
1  0  0  -3.425  0.3316  0  0.07467  1.918  0.7434
1  0  1  0.2546  -0.1337  0  1.941  -1.673  0.3071
1  1  0  -1.53  -2.69  0  0.7289  -1.004  -0.8326
1  1  1  3.209  0.5377  0  1.743  -1.673  -1.519
1  2  0  -1.261  -7.579  0  1.885  6.081  1.543
1  2  1  1.035  0.8548  0  -1.035  1.804  -1.782
2  0  0  1.054  -0.7271  0  2.128  -2.089  -0.09152
2  0  1  0.8418  2.773  0  -1.356  -1.876  -3.216
2  1  0  5  4.597  0  -1.492  0.247  2.773
2  1  1  0.8804  -3.633  0  -0.4726  -0.1915  0.974
2  2  0  0.55  0.2164  0  2.591  -1.059  -0.8202
2  2  1  -1.555  -1.771  0  -1.825  -1.514  0.4336
3  0  0  -2.213  2.52  0  -1.261  0.5911  1.824
3  0  1  2.941  -2.364  0  -1.329  0.2604  -2.074
3  1  0  -6.506  0.1501  0  -0.5285  0.382  2.497
3  1  1  -0.1843  -3.688  0  -1.095  0.7486  1.047
3  2  0  3.379  -0.4807  0  1.46  0.5111  1.078
3  2  1  0.0827  -2.461  0  -4.302  -0.4157  0.9392
4  0  0  -9.003  -0.843  0  1.626  0.5622  0.04229
4  0  1  -1.282  -3.353  0  -0.5772  1.417  -2.33
4  1  0  4.233  1.283  0  -0.834  -1.007  1.541
4  1  1  2.097  -1.173  0  2.047  2.456  -1.476
4  2  0  0.2821  0.1863  0  0.6916  1.178  -0.3967
4  2  1  4.929  1.995  0  -1.425  -0.3911  2.55
5  0  0  1.762  3.579  0  0.08934  -0.8896  1.759
5  0  1  4.174  3.919  0  1.205  3.981  -1.547
5  1  0  -1.677  2.271  0  2.184  -0.551  1.425
5  1  1  1.477  -5.432  0  -0.8648  -3.666  0.01689
5  2  0  3.016  4.01  0  -2.098  -0.9859  -1.617
5  2  1  -7.2  3.15  0  1.282  0.5094  -0.2611
6  0  0  1.795  2.958  0  1.184  0.6911  0.2588
6  0  1  -0.4855  -2.268  0  -2.744  -2.469  -3.156
6  1  0  2.624  2.345  0  1.238  1.317  2.61
6  1  1  2.344  -4.09  0  2.713  -0.7178  -2.819
6  2  0  -3.328  -0.4313  0  1.326  0.7816  -4.234
6  2  1  -2.788  4.327  0  -1.063  -0.575  -1.689
7  0  0  4.989  3.317  0  4.092  -6.362  -1.174
7  0  1  -1.384  4.788  0  -0.2911  0.6662  -0.3511
7  1  0  -0.6017  -6.644  0  -1.404  0.07702  -1.034
7  1  1  2.314  1.081  0  1.608  -0.8941  1.662
7  2  0  0.0885  -0.425  0  -3.028  -0.1051  -2.993
7  2  1  1.409  -2.246  0  0.09276  1.676  -1.007
