0  0  0  1.695  1.145  -0.6126  0.0521  -0.09666  0.06752
0  0  1  5.571  3.38  0.07579  -0.02681  -0.03363  -0.04678
0  1  0  -0.9187  -5.104  -0.3452  0.00641  0.02204  -0.04592
0  1  1  1.548  2.622  0.2201  -0.04137  -0.02027  0.03595
0  2  0  -2.062  -3.401  -0.5468  0.01506  0.03575  -0.02133
0  2  1  -0.8211  -0.7911  -1.18  0.01668  -0.06936  0.06323
1  0  0  -8.625  0.176  -0.6697  -0.05046  0.01997  0.07731
1  0  1  4.395  -0.4522  -0.4412  -0.03409  -0.02448  -0.004521
1  1  0  1.084  6.416  0.3854  -0.07381  -0.03697  -0.02148
1  1  1  -5.492  4.741  -0.4225  0.04183  0.03052  0.009568
1  2  0  3.389  0.07629  -0.2922  0.04298  -0.0321  0.02372
1  2  1  3.476  2.961  0.8624  -0.002445  0.002821  -0.01043
2  0  0  2.014  0.1482  0.5361  0.009378  0.03323  0.01022
2  0  1  -4.16  -2.33  -0.705  -0.07894  -0.01311  -0.02691
2  1  0  10.34  5.535  0.3073  -0.018  0.05051  0.05517
2  1  1  -0.3904  -2.997  -0.9411  -0.009524  -0.02066  0.02201
2  2  0  -0.6913  1.043  0.7371  0.04633  -0.03771  -0.01252
2  2  1  -3.306  4.65  -0.2038  0.03491  0.07475  0.05098
3  0  0  1.153  1.86  -0.3735  -0.01844  -0.03782  -0.02684
3  0  1  5.554  0.9782  -0.2065  -0.001036  0.009839  0.03767
3  1  0  -2.389  -2.459  0.6554  -0.00366  -0.03731  -0.008902
3  1  1  -1.066  -3.422  -0.08674  -0.009691  -0.05068  -0.009733
3  2  0  1.037  -0.644  0.2047  0.02453  0.02059  -0.06174
3  2  1  -3.28  2.668  -0.7974  -0.06696  0.05766  -0.02917
4  0  0  1.416  0.3528  1.369  -0.0419  -0.04817  -0.01953
4  0  1  0.4652  2.085  -0.233  0.05839  0.006798  -0.004459
4  1  0  0.6707  -5.616  0.5206  -0.0144  0.002249  -0.004261
4  1  1  3.292  4.358  0.06554  0.05906  -0.006649  -0.04509
4  2  0  2.111  -0.5123  -0.2587  0.02853  0.005081  0.004326
4  2  1  3.61  1.108  0.4427  0.02187  -0.02167  0.01161
5  0  0  3.183  2.257  -0.2962  -0.006484  0.005766  -0.008405
5  0  1  -2.321  -1.249  0.02533  0.03468  0.02642  0.005297
5  1  0  -1.406  2.88  0.3229  0.03282  -0.0447  0.03605
5  1  1  -8.813  0.7252  0.5573  0.002958  0.02021  0.005084
5  2  0  6.289  -5.548  0.1275  -0.04201  0.04279  -0.04796
5  2  1  1.888  0.994  0.2588  -0.02084  -0.02341  -0.02617
6  0  0  0.6751  -3.679  0.1657  -0.01238  0.02185  0.02231
6  0  1  -3.303  -0.8826  0.5355  -0.02857  0.009549  0.02261
6  1  0  2.695  -5.058  0.0596  -0.04257  0.0159  -0.02261
6  1  1  -0.3309  2.683  -0.452  0.005085  -0.005727  -0.02055
6  2  0  -2.92  -0.3839  -0.5556  0.07208  0.02714  -0.07079
6  2  1  -2.534  0.2793  0.904  -0.03701  0.0198  0.02334
7  0  0  -4.46  -2.479  0.7288  0.02376  -0.002446  0.01131
7  0  1  0.05045  4.795  0.2462  0.03359  -0.05337  -0.02542
7  1  0  0.2285  -0.8686  -0.5651  0.03282  -0.01759  -0.0009461
7  1  1  2.158  1.843  -0.1757  0.0002701  0.02808  -0.02658
7  2  0  -1.202  -1.859  -0.2171  0.03069  -0.0252  -0.01907
7  2  1  0.7845  1.364  -1.175  0.009181  0.09069  0.00374
