0  0  0  -0.2453  -0.7455  0  -2.774  -0.3577  1.831
0  0  1  -3.979  -2.203  0  -2.481  0.3584  -4.421
0  1  0  0.5153  -0.8354  0  0.4011  -0.5389  1.354
0  1  1  -0.3024  0.7639  0  0.1148  0.5188  1.679
0  2  0  -0.671  4.735  0  -1.323  1.49  -2.279
0  2  1  -2.035  -3.145  0  -2.098  -2.301  -2.722
1  0  0  -0.7492  -0.4574  0  -1.29  0.09044  -0.5048
1  0  1  1.25  1.401  0  0.438  2.171  0.3691
1  1  0  1.922  -1.037  0  3.698  -3.82  -2.964
1  1  1  -2.207  -9.417  0  -0.5028  -0.1513  1.555
1  2  0  3.146  2.232  0  1.799  1.489  -2.195
1  2  1  -1.059  -1.327  0  -0.896  0.0091  -0.1414
2  0  0  -4.171  0.08593  0  -2.053  1.055  -3.403
2  0  1  0.7659  2.725  0  -0.968  -3.51  -1.408
2  1  0  -1.986  -2.242  0  5.313  2.071  -0.05519
2  1  1  1.21  -0.1311  0  -0.8185  2.186  0.8432
2  2  0  0.9252  1.416  0  0.5481  1.826  2.152
2  2  1  3.412  -0.5324  0  2.414  -0.04086  -1.608
3  0  0  5.492  -0.794  0  1.84  1.363  -1.93
3  0  1  -1.317  4.889  0  3.072  -0.2888  0.09131
3  1  0  -1.22  -1.637  0  0.4899  2.334  -1.493
3  1  1  -4.028  -2.882  0  -2.367  -2.031  2.252
3  2  0  -0.7504  5.069  0  3.78  -1.112  4.219
3  2  1  -2.897  2.754  0  -0.448  -0.9012  -3.076
4  0  0  3.986  2.511  0  0.5913  2.829  -4.069
4  0  1  -2.116  -1.212  0  -0.2619  1.859  -1.472
4  1  0  -4.353  -1.377  0  -0.2099  0.1048  0.469
4  1  1  1.364  6.68  0  2.789  -4.349  1.695
4  2  0  -4.506  0.5823  0  1.131  -0.9927  -0.6741
4  2  1  -2.006  -4.785  0  0.767  2.168  -1.188
5  0  0  -2.488  0.4831  0  0.9204  0.09092  2.027
5  0  1  2.327  4.482  0  1.476  -3.405  -1.35
5  1  0  -1.782  -3.605  0  0.1136  1.673  -0.4443
5  1  1  1.108  2.441  0  -1.776  -2.274  0.2251
5  2  0  -3.334  5.649  0  -1.736  -3.427  1.56
5  2  1  -7.235  -2.461  0  1.255  3.999  0.8847
6  0  0  0.731  -3.908  0  0.7772  -0.7268  -2.605
6  0  1  -0.8083  3.59  0  -1.78  -2.188  -0.358
6  1  0  -2.208  1.862  0  -1.33  2.032  -2.354
6  1  1  4.263  0.08079  0  1.687  2.107  2.118
6  2  0  0.3456  1.352  0  -0.002532  0.3764  2.174
6  2  1  0.7866  -3.574  0  -1.295  -1.354  0.4814
7  0  0  -4.341  4.039  0  -1.368  2.026  -1.62
7  0  1  -1.805  -0.2961  0  0.6735  2.78  2.287
7  1  0  -0.3542  -0.4598  0  -2.327  -0.806  -0.0647
7  1  1  4.494  6.11  0  0.4403  -3.948  0.7093
7  2  0  -8.01  0.02818  0  -2.234  2.522  -2.673
7  2  1  1.962  4.356  0  0.4122  -2.944  0.8769
