0  0  0  1.042  -1.881  -0.4559  0.03757  0.007293  -0.002644
0  0  1  5.513  -4.071  -0.2233  0.009843  0.01433  0.006307
0  1  0  0.5579  -3.579  -0.4982  -0.01178  0.01536  -0.0235
0  1  1  1.265  -2.082  -0.12  0.02046  -0.0154  -0.01807
0  2  0  0.4301  -1.293  -0.2927  0.02777  0.03403  -0.04865
0  2  1  -1.62  -5.048  -0.1053  0.02768  0.01132  0.04075
1  0  0  0.2177  -0.1745  -0.384  -0.03324  0.001206  0.04764
1  0  1  -1.578  2.497  -0.4885  0.01985  0.04594  -0.02506
1  1  0  -0.1455  -1.295  0.1354  -0.01252  0.009405  0.004765
1  1  1  -4.345  4.521  -0.4232  -0.003303  0.09102  -0.05555
1  2  0  0.4522  1.295  -0.2617  -0.06617  0.02435  -0.03247
1  2  1  -2.71  4.011  -0.09481  0.008235  -0.01062  0.01961
2  0  0  -3.24  5.034  -0.2361  -0.01603  0.03618  -0.0584
2  0  1  -2.773  -1.107  -0.1213  -0.06465  0.004419  -0.01534
2  1  0  4.94  3.003  0.06333  -0.04371  -0.02751  -0.001604
2  1  1  -0.4791  -0.03733  0.09524  -0.05348  0.04737  -0.04838
2  2  0  -1.138  3.505  -0.4182  -0.0302  -0.01536  0.01527
2  2  1  1.566  3.571  -0.05244  0.05977  -0.03634  -0.04387
3  0  0  2.963  2.766  -0.56  0.01817  -0.02205  0.01744
3  0  1  4.525  4.944  0.4258  0.02788  0.0468  -0.005174
3  1  0  1.048  0.4092  0.374  0.01197  0.009474  -0.0283
3  1  1  4.029  1.464  -1.052  -0.05913  0.06732  -0.01817
3  2  0  1.585  -3.839  -0.4179  0.003108  0.03079  0.04402
3  2  1  -1.689  -3.303  0.3007  0.041  -0.03844  0.01108
4  0  0  1.758  -3.235  -0.2208  0.01487  -0.01193  -0.004138
4  0  1  4.477  4.009  -0.7358  -0.03181  0.02583  -0.0257
4  1  0  0.465  -1.105  0.7544  -0.04384  -0.0137  0.01569
4  1  1  -6.757  0.09719  1.153  0.03751  -0.05486  -0.0004313
4  2  0  -1.938  -5.752  0.5587  -0.000316  -0.01388  -0.01832
4  2  1  -0.4734  1.086  -0.08233  -0.009838  0.005763  0.02783
5  0  0  -4.832  1.423  0.1604  0.05034  -0.03637  -0.01434
5  0  1  3.918  1.632  -0.1193  -0.07521  -0.01397  -0.04222
5  1  0  -2.852  -4.099  -0.1095  0.05717  0.06886  -0.01848
5  1  1  1.719  2.569  0.1984  0.004853  0.003228  -0.06017
5  2  0  3.334  1.292  -0.4014  0.04005  -0.0319  -0.07101
5  2  1  1.251  1.217  0.215  -0.01605  0.03226  0.01449
6  0  0  -2.962  2.872  0.4175  0.02696  0.02056  -0.01366
6  0  1  -5.151  -1.268  0.1929  -0.01786  0.01756  0.04722
6  1  0  -4.253  -2.829  -0.09881  -0.001126  0.0007822  -0.0443
6  1  1  -6.389  1.127  0.5472  -0.0252  -0.01507  0.007703
6  2  0  -0.1249  -4.164  -0.6329  -0.02019  0.07468  -0.05268
6  2  1  0.3182  3.487  -0.06228  -0.006716  0.03398  -0.03772
7  0  0  5.036  -2.973  -0.1578  0.04133  0.06328  -0.01997
7  0  1  -2.712  -3.191  -0.0318  -0.02363  0.003422  -0.01915
7  1  0  -3.195  4.072  -1.149  0.009845  0.0159  0.03164
7  1  1  2.556  2.55  -0.2064  0.001754  -0.07185  0.01234
7  2  0  -0.5073  -2.478  -0.5001  0.004789  -0.02916  0.0956
7  2  1  -1.352  5.087  0.229  0.02984  0.06405  0.01425
