0  0  0  -0.2453  -0.7455  0.4922  -0.04843  -0.006244  0.03196
0  0  1  -3.979  -2.203  -0.2502  -0.04331  0.006255  -0.07717
0  1  0  0.5153  -0.8354  0.692  0.007001  -0.009406  0.02364
0  1  1  -0.3024  0.7639  0.6646  0.002003  0.009056  0.0293
0  2  0  -0.671  4.735  0.7928  -0.0231  0.02602  -0.03978
0  2  1  -2.035  -3.145  0.5764  -0.03662  -0.04016  -0.04751
1  0  0  -0.7492  -0.4574  -0.6262  -0.02251  0.001579  -0.008811
1  0  1  1.25  1.401  0.08951  0.007645  0.0379  0.006443
1  1  0  1.922  -1.037  0.4213  0.06455  -0.06668  -0.05173
1  1  1  -2.207  -9.417  0.3592  -0.008777  -0.002641  0.02714
1  2  0  3.146  2.232  -1.291  0.03139  0.02599  -0.03831
1  2  1  -1.059  -1.327  0.716  -0.01564  0.0001588  -0.002469
2  0  0  -4.171  0.08593  0.1846  -0.03583  0.01841  -0.0594
2  0  1  0.7659  2.725  0.2286  -0.0169  -0.06127  -0.02458
2  1  0  -1.986  -2.242  0.39  0.09274  0.03615  -0.0009634
2  1  1  1.21  -0.1311  0.5849  -0.01429  0.03816  0.01472
2  2  0  0.9252  1.416  -1.383  0.009566  0.03188  0.03757
2  2  1  3.412  -0.5324  -0.2392  0.04214  -0.0007132  -0.02807
3  0  0  5.492  -0.794  0.7082  0.03212  0.0238  -0.03369
3  0  1  -1.317  4.889  0.7212  0.05362  -0.005041  0.001594
3  1  0  -1.22  -1.637  0.5044  0.008552  0.04073  -0.02607
3  1  1  -4.028  -2.882  0.05189  -0.04132  -0.03544  0.03931
3  2  0  -0.7504  5.069  0.481  0.06598  -0.01941  0.07364
3  2  1  -2.897  2.754  0.01275  -0.00782  -0.01573  -0.0537
4  0  0  3.986  2.511  0.03671  0.01032  0.04938  -0.07102
4  0  1  -2.116  -1.212  -0.1057  -0.004571  0.03246  -0.02569
4  1  0  -4.353  -1.377  -0.1661  -0.003664  0.001829  0.008186
4  1  1  1.364  6.68  -0.1718  0.04868  -0.07591  0.02959
4  2  0  -4.506  0.5823  -0.3014  0.01974  -0.01733  -0.01177
4  2  1  -2.006  -4.785  1.113  0.01339  0.03785  -0.02074
5  0  0  -2.488  0.4831  -0.4627  0.01607  0.001587  0.03539
5  0  1  2.327  4.482  0.263  0.02577  -0.05944  -0.02357
5  1  0  -1.782  -3.605  0.07524  0.001983  0.0292  -0.007755
5  1  1  1.108  2.441  -1.4  -0.031  -0.03969  0.00393
5  2  0  -3.334  5.649  0.03985  -0.03031  -0.05982  0.02723
5  2  1  -7.235  -2.461  -0.2043  0.02191  0.06981  0.01544
6  0  0  0.731  -3.908  -0.2716  0.01357  -0.01269  -0.04547
6  0  1  -0.8083  3.59  -0.06144  -0.03107  -0.0382  -0.00625
6  1  0  -2.208  1.862  -0.1776  -0.02322  0.03546  -0.04108
6  1  1  4.263  0.08079  0.6754  0.02944  0.03678  0.03698
6  2  0  0.3456  1.352  0.1792  -4.42e-05  0.00657  0.03795
6  2  1  0.7866  -3.574  -0.2708  -0.0226  -0.02363  0.008403
7  0  0  -4.341  4.039  -0.3001  -0.02388  0.03537  -0.02827
7  0  1  -1.805  -0.2961  -0.4993  0.01176  0.04852  0.03992
7  1  0  -0.3542  -0.4598  0.2229  -0.04062  -0.01407  -0.001129
7  1  1  4.494  6.11  0.2308  0.007685  -0.0689  0.01238
7  2  0  -8.01  0.02818  0.09978  -0.039  0.04403  -0.04666
7  2  1  1.962  4.356  -0.04085  0.007195  -0.05139  0.01531
