0  0  0  -1.156  -5.338  0  2.561  -1.133  -0.4131
0  0  1  6.356  3.63  0  -0.7693  -0.3374  -2.33
0  1  0  -4.148  -1.009  0  1.251  -3.839  0.8193
0  1  1  1.367  1.199  0  2.145  1.436  -1.393
0  2  0  -3.506  -3.885  0  0.8312  -0.8629  -1.756
0  2  1  -1.891  2.231  0  -0.5948  -1.69  -2.963
1  0  0  -0.4546  -1.628  0  1.25  -0.008947  -2.413
1  0  1  -4.117  -3.495  0  -2.784  -2.017  0.2746
1  1  0  7.118  -0.2421  0  2.466  1.198  3.366
1  1  1  3.567  6.62  0  -1.139  -0.8717  -0.4279
1  2  0  5.143  0.5795  0  -2.556  -0.2685  1.124
1  2  1  -1.691  0.2904  0  3.002  -0.8045  -1.231
2  0  0  1.085  -0.5997  0  -1.084  -0.3732  -1.494
2  0  1  -0.1286  0.5797  0  1.291  0.1909  -2.28
2  1  0  -1.919  -1.808  0  -1.405  -0.1722  2.605
2  1  1  1.612  -2.546  0  1.291  -0.2886  1.195
2  2  0  -1.258  6.62  0  -2.19  -0.253  -1.125
2  2  1  1.589  1.291  0  1.084  -5.953  4.189
3  0  0  -5.596  2.527  0  -0.0778  0.5228  -1.754
3  0  1  2.873  -2.245  0  -0.7325  -0.03362  3.137
3  1  0  1.077  -3.998  0  -1.069  1.684  2.997
3  1  1  1.165  -1.093  0  1.407  0.9926  1.132
3  2  0  2.226  -1.235  0  0.4993  2.613  -1.39
3  2  1  -0.5502  -1.38  0  -1.775  -1.462  0.2337
4  0  0  -0.09705  1.95  0  1.618  0.2912  -2.4
4  0  1  1.023  -1.874  0  2.439  0.7838  2.578
4  1  0  3.486  1.355  0  -0.9184  -2.675  0.5155
4  1  1  0.5402  -0.1021  0  -1.892  -1.762  0.9238
4  2  0  -5.962  3.806  0  -0.7945  0.6942  0.7188
4  2  1  4.72  1.749  0  -0.1456  0.9157  -1.436
5  0  0  3.31  -5.777  0  2.152  -2.896  2.434
5  0  1  6.5  -4.863  0  -4.012  2.21  0.05255
5  1  0  1.755  1.445  0  1.8  0.1063  1.861
5  1  1  2.833  -0.6355  0  0.6313  0.7487  -1.293
5  2  0  -2.407  3.629  0  0.68  -4.314  -1.474
5  2  1  -2.365  1.133  0  1.478  -2.194  -0.195
6  0  0  4.74  -0.8404  0  1.405  0.7368  -2.439
6  0  1  1.923  -6.83  0  -1.224  -3.41  -2.475
6  1  0  -1.895  4.141  0  -0.8166  0.3123  -2.693
6  1  1  0.8837  2  0  -1.064  -0.2247  -1.539
6  2  0  2.207  1.782  0  1.206  -1.141  2.216
6  2  1  1.855  -2.525  0  -0.842  -1.355  -1.493
7  0  0  -0.7304  -0.1507  0  -0.628  1.33  1.837
7  0  1  -1.902  4.191  0  -1.141  -0.2497  0.06073
7  1  0  -5.486  2.202  0  0.6171  -0.05796  1.16
7  1  1  2.396  -1.756  0  2.297  0.299  1.124
7  2  0  -1.078  -0.4506  0  -0.3083  -1.146  3.376
7  2  1  4.807  -10.31  0  2.515  -0.4547  -0.9599
