0  0  0  -4.011  0.9416  0  -0.9184  1.669  1.022
0  0  1  -1.891  2.743  0  -0.261  1.731  -0.9512
0  1  0  -1.191  -1.821  0  3.098  -0.8729  1.074
0  1  1  3.535  7.105  0  -2.245  0.9804  -4.964
0  2  0  -0.8635  1.003  0  2.477  -0.2107  0.2334
0  2  1  2.145  -2.774  0  1.203  -1.842  2.773
1  0  0  2.262  -0.6851  0  -1.998  0.7669  1.262
1  0  1  1.895  -4.734  0  1.952  -2.765  -1.758
1  1  0  -0.2209  -0.01216  0  -3.808  -0.264  0.6962
1  1  1  -1.206  3.221  0  -0.2566  -0.116  0.6225
1  2  0  2.111  2.776  0  -4.298  0.08856  -0.1154
1  2  1  -3.796  -1.889  0  2.75  -2.171  0.407
2  0  0  1.398  -2.155  0  0.2705  3.361  -2.734
2  0  1  2.826  3.85  0  -3.665  -4.272  -2.899
2  1  0  -0.3786  -2.73  0  -0.7133  -0.09973  2.639
2  1  1  0.2932  3.426  0  -0.3251  1.932  -0.8527
2  2  0  3.769  0.1374  0  1.251  -3.345  0.0002107
2  2  1  1.617  3.765  0  -1.805  1.919  -1.751
3  0  0  1.692  1.256  0  1.184  0.03228  -0.2322
3  0  1  -0.3684  -3.903  0  2.589  -3.888  -0.004533
3  1  0  -0.4921  -3.957  0  2.171  0.8857  -1.538
3  1  1  -0.86  -4.188  0  -1.818  -2.636  -1.982
3  2  0  2.705  -0.05461  0  2.141  5.217  -0.08632
3  2  1  1.432  -0.949  0  0.4799  0.3025  -0.3468
4  0  0  1.44  3.912  0  -3.196  -0.3587  1.929
4  0  1  -1.781  0.5741  0  0.02849  1.162  -1.972
4  1  0  -5.036  -0.4889  0  1.769  0.7273  -1.295
4  1  1  0.8379  -2.008  0  0.9133  2.096  2.849
4  2  0  2.21  5.834  0  0.6439  0.1676  -2.984
4  2  1  -4.064  5.473  0  -0.4803  0.09166  0.9114
5  0  0  2.008  6.378  0  -2.112  0.6581  -2.063
5  0  1  -4.153  2.037  0  3.86  -3.519  1.68
5  1  0  1.135  -1.542  0  -1.296  -2.259  -1.208
5  1  1  -4.606  -0.3674  0  0.2162  2.049  1.556
5  2  0  -0.646  -0.3635  0  -0.3697  -1.722  4.689
5  2  1  2.091  -0.897  0  -4.546  2.7  -1.222
6  0  0  -1.9  -4.46  0  0.8161  1.843  -2.916
6  0  1  -7.431  -4.86  0  0.5977  -1.379  -2.094
6  1  0  -1.896  4.12  0  1.343  -0.6086  -3.408
6  1  1  -0.6523  1.42  0  -2.132  1.095  -0.3115
6  2  0  4.014  -0.9706  0  0.05637  -1.342  0.01182
6  2  1  1.985  1.75  0  -0.5691  1.161  -2.089
7  0  0  -1.174  -2.686  0  -2.338  -0.3738  2.39
7  0  1  -1.172  -1.004  0  -1.61  3.322  1.352
7  1  0  -5.613  0.5001  0  -0.8066  -0.3589  -2.66
7  1  1  -0.632  1.681  0  -1.139  0.2332  1.793
7  2  0  2.208  1.404  0  -4.301  0.08877  2.273
7  2  1  1.377  -3.441  0  -0.2638  -0.1185  0.8822
