0  0  0  2.078  -2.137  0  -4.986  0.5296  1.619
0  0  1  -2.32  7.346  0  -0.7631  0.2635  -2.136
0  1  0  2.859  -3.395  0  1.579  0.1744  0.2824
0  1  1  -2.37  -2.276  0  -4.292  2.556  3.713
0  2  0  1.915  5.584  0  0.1477  0.1893  1.297
0  2  1  2.015  -5.246  0  2.198  4.657  0.466
1  0  0  5.349  -2.821  0  -1.323  -7.17  3.617
1  0  1  6.201  -0.1731  0  1.679  -0.2386  4.415
1  1  0  3.039  2.559  0  -0.4502  -0.2946  -0.7126
1  1  1  2.168  6.124  0  -2.057  -0.7859  -0.708
1  2  0  -3.33  3.275  0  -0.9019  1.175  1.8
1  2  1  -6.362  -1.237  0  1.443  -0.02185  1.823
2  0  0  4.592  -5.082  0  2.32  -0.9045  -1.551
2  0  1  1.553  2.32  0  -0.6461  0.8409  -4.948
2  1  0  -6.72  -0.7967  0  0.6311  1.252  -1.546
2  1  1  -7.802  -0.4448  0  2.161  -1.46  2.737
2  2  0  4.877  -2.369  0  1.11  0.1047  0.1822
2  2  1  -2.882  1.113  0  -1.306  -0.886  1.402
3  0  0  1.51  2.382  0  0.05322  -1.443  -1.992
3  0  1  -0.5143  -1.196  0  1.498  0.1732  -1.671
3  1  0  0.8663  -0.8046  0  1.236  -1.541  0.7215
3  1  1  -4.026  5.421  0  1.904  1.482  1.356
3  2  0  -3.371  8.452  0  -2.082  1.354  2.474
3  2  1  5.837  0.7929  0  -2.623  -2.111  -0.6618
4  0  0  -0.635  4.05  0  0.572  -0.7811  3.293
4  0  1  -0.1524  -3.015  0  -0.2968  0.688  1.691
4  1  0  -0.1017  1.485  0  -3.452  3.233  1.348
4  1  1  2.246  -7.428  0  -0.1297  0.4038  0.4147
4  2  0  6.027  2.751  0  -0.1163  -0.2213  -3.227
4  2  1  -1.503  3.597  0  -0.3043  1.524  1.598
5  0  0  -4.963  1.096  0  -0.144  2.43  -0.4158
5  0  1  -2.227  -1.221  0  2.236  -2.783  -1.432
5  1  0  -0.006962  0.8575  0  2.86  4.136  0.5183
5  1  1  -1.366  -2.517  0  0.5779  0.7366  1.13
5  2  0  2.163  1.057  0  -2.171  -3.971  -2.181
5  2  1  -6.075  -3.901  0  -2.323  0.1628  2.646
6  0  0  -2.234  -4.217  0  0.6274  5.035  1.145
6  0  1  -1.967  5.116  0  1.786  -1.892  1.332
6  1  0  -0.3792  1.991  0  -1.343  -2.096  0.1599
6  1  1  -3.094  -1.898  0  2.097  1.266  0.9324
6  2  0  2.398  -3.149  0  -2.807  -0.02046  2.679
6  2  1  -0.3232  -4.061  0  -2.392  1.882  1.906
7  0  0  0.1199  -0.9615  0  2.046  0.355  -0.9525
7  0  1  4.33  5.446  0  -4.662  0.2029  3.33
7  1  0  5.179  -6.119  0  1.967  -1.379  -0.7366
7  1  1  0.3826  -4.184  0  -1.578  1.588  -0.9361
7  2  0  1.865  0.03541  0  1.822  1.647  -0.799
7  2  1  -0.8458  -5.121  0  2.918  0.01552  0.8595
