0  0  0  1.465  1.915  0  0.183  4.633  4.382
0  0  1  1.63  4.997  0  0.649  -1.046  -2.074
0  1  0  0.6033  -3.742  0  -1.873  -1.617  -1.166
0  1  1  -1.473  -3.183  0  2.896  -1.597  0.7075
0  2  0  -1.798  -3.886  0  -1.413  0.793  -3.268
0  2  1  -0.8507  -0.8586  0  -0.1051  -1.061  -1.927
1  0  0  0.5814  -1.767  0  -1.023  0.9073  0.1199
1  0  1  -2.597  -1.566  0  1.699  0.03566  2.843
1  1  0  1.105  -1.016  0  -0.09  0.591  -4.42
1  1  1  -5.757  1.391  0  -0.1272  -0.7694  -0.5891
1  2  0  -0.1209  -4.284  0  0.7651  2.341  1.984
1  2  1  -3.701  -1.587  0  1.794  -1.827  -1.956
2  0  0  -0.3932  1.409  0  2.235  -2.035  0.5325
2  0  1  -3.31  1.189  0  1.196  2.088  3.918
2  1  0  1.156  0.1227  0  0.5862  2.852  -0.2065
2  1  1  -2.035  -0.4149  0  -2.674  -2.3  1.155
2  2  0  1.031  -0.9008  0  1.451  3.743  0.1638
2  2  1  1.427  4.658  0  0.9153  -2.208  -2.35
3  0  0  2.606  4.318  0  -3.365  -0.4062  -0.2314
3  0  1  6.733  3.271  0  2.006  -3.262  2.957
3  1  0  -3.114  -4.383  0  -1.416  1.479  -3.165
3  1  1  -0.1378  -0.3603  0  -0.5758  0.9769  -2.693
3  2  0  3.314  4.649  0  0.03421  -1.201  -3.008
3  2  1  3.924  1.718  0  1.227  -4.896  4.487
4  0  0  -2.671  -1.021  0  -0.1677  -0.1326  -0.8677
4  0  1  -5.433  -3.461  0  -1.504  -3.044  1.042
4  1  0  -0.2388  2.347  0  3.174  2.557  -1.43
4  1  1  3.156  0.6811  0  -0.9747  0.3996  -0.2437
4  2  0  2.31  8.039  0  0.3837  -1.704  0.3186
4  2  1  -1.736  1.613  0  -0.9215  1.038  2.029
5  0  0  -1.304  0.1696  0  -0.03062  -0.1228  1.057
5  0  1  -2.073  -5.404  0  1.122  -2.084  -0.9395
5  1  0  2.591  -2.936  0  -0.8556  1.314  -1.933
5  1  1  -3.19  -0.4864  0  1.21  2.304  -1.795
5  2  0  -0.2198  -1.145  0  2.617  4.276  -0.1698
5  2  1  -2.043  1.582  0  -0.7408  0.7209  1.098
6  0  0  -5.204  -2.217  0  0.6857  0.1322  0.4596
6  0  1  -3.32  -1.855  0  -0.8792  3.176  0.673
6  1  0  -1.05  4.308  0  -1.164  -1.205  -0.7739
6  1  1  0.8809  1.201  0  -0.3403  0.217  3.652
6  2  0  1.154  -2.681  0  -5.376  -0.7845  -0.7228
6  2  1  1.279  0.513  0  1.487  1.07  -1.782
7  0  0  -5.069  -2.533  0  0.7651  2.665  0.05033
7  0  1  1.722  0.733  0  -0.2946  4.277  -0.6095
7  1  0  1.782  1.407  0  -2.369  1.667  4.018
7  1  1  -1.53  -1.554  0  1.303  2.344  -0.4496
7  2  0  -2.867  -2.981  0  -2.994  -0.6346  -1.61
7  2  1  -2.478  -3.8  0  4.281  -0.4816  1.474
