0  0  0  2.819  -1.715  0  0.1393  -0.1429  1
0  0  1  -1.657  -1.24  0  -1.656  -5.11  3.972
0  1  0  0.03833  -4.691  0  -0.4785  -2.849  2.074
0  1  1  -2.337  0.5051  0  -0.6195  1.448  0.4304
0  2  0  -1.244  0.9656  0  -1.262  -0.2909  -3.208
0  2  1  0.0109  -5.296  0  0.2326  -1.275  2.385
1  0  0  -4.49  4.457  0  -1.041  0.1239  -1.679
1  0  1  4.433  5.182  0  1.584  -3.374  -0.4329
1  1  0  5.909  1.376  0  -1.035  0.02952  -1.065
1  1  1  0.2378  -3.309  0  -4.359  0.5715  -1.19
1  2  0  -1.255  -2.031  0  0.4421  -1.948  0.1637
1  2  1  5.735  -2.209  0  -2.422  0.7129  -0.7445
2  0  0  0.759  -1.199  0  0.1339  -2.573  4.354
2  0  1  1.079  1.375  0  0.9338  0.2213  -0.3702
2  1  0  -3.13  1.71  0  -0.4139  -2.351  0.2346
2  1  1  -2.432  0.2246  0  1.499  3.009  1.474
2  2  0  -0.8569  -2.792  0  0.665  4.315  0.7703
2  2  1  0.436  -0.3096  0  2.533  -0.6702  -2.002
3  0  0  1.236  -0.9839  0  0.1487  2.504  -2.049
3  0  1  1.589  1.214  0  0.02993  -3.311  0.8837
3  1  0  2.389  4.783  0  0.9969  1.217  2.918
3  1  1  3.055  -0.5942  0  0.6708  2  1.569
3  2  0  -1.716  0.8932  0  -1.045  -1.388  1.032
3  2  1  -0.7216  -0.1513  0  -0.7023  3.306  0.9025
4  0  0  -1.865  0.3408  0  2.006  -1.744  -1.176
4  0  1  -0.7839  -4.898  0  0.4589  -1.113  2.201
4  1  0  2.542  -2.774  0  0.4322  -0.08933  1.127
4  1  1  -1.074  2.278  0  4.383  0.1264  1.461
4  2  0  -0.01103  -5.479  0  1.475  0.4863  0.2467
4  2  1  3.026  2.179  0  -3.39  0.9292  -0.7361
5  0  0  -0.468  3.204  0  3.753  0.6617  0.3519
5  0  1  6.774  1.205  0  -0.1733  -1.638  2.897
5  1  0  -4.667  -2.959  0  -4.236  -3.856  -1.114
5  1  1  -2.705  -1.466  0  0.4037  -0.7317  -0.6859
5  2  0  -0.08423  0.2874  0  0.3295  0.7418  1.225
5  2  1  -0.7013  0.8969  0  0.6449  -4.424  -0.3671
6  0  0  0.4144  -1.626  0  1.985  0.3586  -1.637
6  0  1  0.747  -3.994  0  0.1253  -1.237  3.245
6  1  0  -3.069  -4.511  0  1.225  4.304  -0.6679
6  1  1  -2.169  3.955  0  2.031  0.8723  0.784
6  2  0  1.954  0.4937  0  1.792  0.4054  3.264
6  2  1  -1.082  -3.292  0  -1.101  -0.7714  0.33
7  0  0  2.21  -1.374  0  0.04058  4.217  -2.636
7  0  1  1.588  -2.3  0  0.4351  -2.467  -0.18
7  1  0  -0.02751  2.918  0  -0.7931  3.716  2.483
7  1  1  -3.687  -6.647  0  1.004  1.245  -0.2866
7  2  0  1.712  -3.668  0  0.2102  -0.731  1.285
7  2  1  1.566  1.673  0  -3.739  1.032  -0.6933
