0  0  0  2.9  -0.4232  -0.1132  0.05662  -0.001923  -0.01879
0  0  1  -0.2236  -0.9944  1.358  -0.01901  -0.03071  0.01709
0  1  0  0.8653  0.533  0.01607  -0.04573  0.02691  -0.01157
0  1  1  -1.231  -2.898  0.1002  -0.03637  -0.01047  0.003834
0  2  0  -0.5619  -2.47  -0.7006  -0.05309  0.06506  0.0007174
0  2  1  3.564  2.319  0.24  0.01924  -0.04237  0.01146
1  0  0  3.686  0.2896  -0.5996  -0.02599  0.0378  0.04169
1  0  1  2.703  6.846  -0.03642  -0.01091  -0.02735  -0.0134
1  1  0  0.5745  0.9754  -0.2475  -0.007515  -0.006849  0.04058
1  1  1  5.8  -3.952  0.1499  0.02751  0.001969  0.06834
1  2  0  -2.079  2.211  -0.3809  0.02787  -0.05883  -0.03414
1  2  1  -4.085  1.087  0.8692  0.02229  0.003485  0.05256
2  0  0  -2.278  2.826  0.25  0.05767  -0.02171  0.02395
2  0  1  -3.364  -7.72  -0.01384  -0.03212  0.02883  -0.07536
2  1  0  5.161  -0.7089  -1.229  -0.04237  0.01937  -0.02062
2  1  1  -2.174  -0.7244  0.2628  0.05904  0.03452  -0.006902
2  2  0  -2.478  7.336  -0.2384  -0.003242  -0.04965  -0.0227
2  2  1  0.7018  0.3275  1.024  0.04062  0.005635  0.01037
3  0  0  -4.197  -0.1396  -0.2196  -0.02394  -0.02888  -0.02535
3  0  1  -1.177  2.28  -0.4024  0.006641  0.06896  0.02758
3  1  0  -0.9529  -3.127  -0.4639  -0.05107  0.05143  -0.01286
3  1  1  -0.3569  -3.967  0.1602  -0.002327  -0.03829  -0.01753
3  2  0  -2.703  1.441  0.07594  0.04051  -0.002598  0.05092
3  2  1  -0.7473  0.6135  0.354  -0.04014  0.002604  -0.05229
4  0  0  -4.319  0.3721  -0.1793  0.08454  0.02827  0.03798
4  0  1  7.69  4.234  -0.08795  0.03562  -0.008399  0.0271
4  1  0  -1.536  0.4108  0.3234  -0.03311  -0.04062  0.05931
4  1  1  -5.317  2.882  0.041  -0.0124  0.02951  0.03006
4  2  0  4.076  -1.45  -1.273  0.01976  0.02628  0.01557
4  2  1  3.049  -2.333  -0.4839  -0.008559  0.02014  0.05379
5  0  0  1.023  2.613  0.2474  0.003999  0.01319  0.04096
5  0  1  -1.474  2.348  0.1066  0.02517  -0.01015  0.008396
5  1  0  -0.3723  0.07671  -0.2526  -0.04268  -0.04927  -0.05065
5  1  1  -0.9784  1.245  0.3275  0.06276  0.04288  -0.02569
5  2  0  1.139  -2.68  0.2599  0.0115  -0.008482  0.0843
5  2  1  -2.981  3.081  -0.3063  -0.07053  -0.01404  0.003135
6  0  0  -1.897  -5.028  0.4038  -0.01002  0.02068  0.001523
6  0  1  0.5585  -0.3384  0.2448  0.003425  -0.03847  0.03728
6  1  0  -3.75  2.349  -0.9847  -0.007367  -0.02709  -0.03267
6  1  1  -3.585  -2.532  -0.267  0.05804  -0.006979  -0.008102
6  2  0  -2.829  0.8429  0.4958  0.002297  -0.02611  0.0176
6  2  1  3.356  -4.177  -0.6994  -0.04239  0.03722  -0.02298
7  0  0  0.9145  -1.647  0.3055  -0.03858  -0.07436  -0.06948
7  0  1  3.502  0.9979  -0.08864  -0.03553  0.03074  -0.01756
7  1  0  0.3337  0.4833  0.3076  -0.006966  -0.01731  -0.008622
7  1  1  -3.622  -2.844  -1.763  0.01888  -0.02972  -0.02495
7  2  0  1.453  -2.623  -0.7059  0.01369  -0.002753  -0.008458
7  2  1  2.611  0.1039  0.4651  -0.002042  0.03699  0.01898
