0  0  0  -1.156  -5.338  -0.3906  0.0447  -0.01978  -0.00721
0  0  1  6.356  3.63  0.0745  -0.01343  -0.005889  -0.04067
0  1  0  -4.148  -1.009  0.3534  0.02184  -0.06701  0.0143
0  1  1  1.367  1.199  0.2742  0.03744  0.02506  -0.02432
0  2  0  -3.506  -3.885  -0.8435  0.01451  -0.01506  -0.03064
0  2  1  -1.891  2.231  0.8843  -0.01038  -0.0295  -0.05172
1  0  0  -0.4546  -1.628  0.05764  0.02182  -0.0001562  -0.04211
1  0  1  -4.117  -3.495  0.2036  -0.04859  -0.03521  0.004793
1  1  0  7.118  -0.2421  0.2547  0.04304  0.02091  0.05876
1  1  1  3.567  6.62  0.1587  -0.01988  -0.01522  -0.007469
1  2  0  5.143  0.5795  0.1781  -0.04461  -0.004687  0.01961
1  2  1  -1.691  0.2904  -0.1463  0.0524  -0.01404  -0.02149
2  0  0  1.085  -0.5997  0.1104  -0.01892  -0.006515  -0.02609
2  0  1  -0.1286  0.5797  1.038  0.02253  0.003332  -0.0398
2  1  0  -1.919  -1.808  -0.1126  -0.02453  -0.003006  0.04548
2  1  1  1.612  -2.546  -1.078  0.02254  -0.005038  0.02086
2  2  0  -1.258  6.62  1.155  -0.03822  -0.004416  -0.01964
2  2  1  1.589  1.291  -0.4712  0.01891  -0.1039  0.07312
3  0  0  -5.596  2.527  -0.0472  -0.001358  0.009125  -0.03062
3  0  1  2.873  -2.245  -0.3426  -0.01279  -0.0005868  0.05476
3  1  0  1.077  -3.998  -0.2078  -0.01866  0.0294  0.05232
3  1  1  1.165  -1.093  -0.7172  0.02455  0.01732  0.01975
3  2  0  2.226  -1.235  0.8256  0.008715  0.04561  -0.02427
3  2  1  -0.5502  -1.38  0.7636  -0.03098  -0.02551  0.004079
4  0  0  -0.09705  1.95  -0.5354  0.02824  0.005082  -0.04189
4  0  1  1.023  -1.874  -0.1683  0.04257  0.01368  0.04501
4  1  0  3.486  1.355  0.9136  -0.01603  -0.04669  0.008999
4  1  1  0.5402  -0.1021  -1.059  -0.03302  -0.03075  0.01612
4  2  0  -5.962  3.806  0.6373  -0.01387  0.01212  0.01255
4  2  1  4.72  1.749  0.2853  -0.002541  0.01598  -0.02506
5  0  0  3.31  -5.777  0.2701  0.03756  -0.05055  0.04249
5  0  1  6.5  -4.863  0.08166  -0.07004  0.03857  0.0009173
5  1  0  1.755  1.445  -0.0271  0.03142  0.001856  0.03248
5  1  1  2.833  -0.6355  -0.5206  0.01102  0.01307  -0.02258
5  2  0  -2.407  3.629  0.2251  0.01187  -0.0753  -0.02573
5  2  1  -2.365  1.133  0.6858  0.02579  -0.03829  -0.003404
6  0  0  4.74  -0.8404  -1.196  0.02453  0.01286  -0.04257
6  0  1  1.923  -6.83  -0.2208  -0.02137  -0.05952  -0.0432
6  1  0  -1.895  4.141  0.6774  -0.01425  0.005452  -0.047
6  1  1  0.8837  2  -0.1677  -0.01856  -0.003923  -0.02686
6  2  0  2.207  1.782  -0.9012  0.02104  -0.01991  0.03868
6  2  1  1.855  -2.525  0.9069  -0.0147  -0.02366  -0.02606
7  0  0  -0.7304  -0.1507  0.1105  -0.01096  0.02322  0.03206
7  0  1  -1.902  4.191  -0.1742  -0.01992  -0.004358  0.00106
7  1  0  -5.486  2.202  0.7067  0.01077  -0.001012  0.02025
7  1  1  2.396  -1.756  -0.6948  0.04009  0.005219  0.01962
7  2  0  -1.078  -0.4506  -1.523  -0.005381  -0.02001  0.05893
7  2  1  4.807  -10.31  0.3423  0.0439  -0.007937  -0.01676
