0  0  0  2.914  -1.711  -0.2316  0.07073  0.0647  -0.05312
0  0  1  -3.416  -6.458  0.4869  -0.01609  -0.0027  -0.005701
0  1  0  -0.6178  4.515  0.6563  -0.03067  -0.004735  -0.08492
0  1  1  2.941  2.419  0.5632  -0.05617  0.04324  -0.03492
0  2  0  3.429  -1.102  -0.2926  0.0102  -0.02053  -0.0582
0  2  1  0.8499  1.537  0.4082  -0.02309  -0.04149  -0.017
1  0  0  -3.098  2.476  -0.5729  0.04914  -0.05617  0.01982
1  0  1  0.6998  2.04  -0.3941  -0.005345  0.01056  0.04695
1  1  0  3.913  3.093  -1.52  0.003085  -0.002649  -0.02944
1  1  1  0.8736  2.822  0.6105  0.07642  -0.02409  0.03195
1  2  0  1.054  -1.935  0.6488  -0.02391  0.01828  -0.0886
1  2  1  -1.465  -0.6096  1.164  0.04783  -0.03681  0.04572
2  0  0  -0.832  0.06624  -0.02857  -0.002641  0.02825  0.05094
2  0  1  2.985  -2.017  0.1218  -0.001892  0.02841  -0.02256
2  1  0  1.971  -5.507  -0.9231  0.003313  0.01397  0.06961
2  1  1  -0.3949  -3.986  -0.3861  -0.03921  0.009664  -0.009793
2  2  0  1.183  -2.786  -0.1622  0.003621  -0.04788  0.03288
2  2  1  -0.08338  3.212  -0.4408  -0.0163  -0.004077  0.005318
3  0  0  0.9731  -6.111  0.5202  -0.04154  -0.00954  0.0008669
3  0  1  4.642  -1.431  0.2393  0.04076  -0.0123  -0.08492
3  1  0  -0.03715  2.534  -0.2876  0.0489  -0.03298  -0.01119
3  1  1  2.573  3.724  -0.774  -0.05065  -0.04692  -0.01212
3  2  0  -2.766  -3.877  -0.4755  0.06236  0.05099  0.05415
3  2  1  -0.6746  -2.833  -0.006389  -0.002793  -0.01458  0.04148
4  0  0  4.333  2.449  1.027  -0.03844  -0.01156  -0.004086
4  0  1  -2.318  -3.218  -0.1899  -0.03701  -0.01249  0.05351
4  1  0  1.08  -2.355  0.03738  -0.0107  -0.04437  0.01044
4  1  1  6.248  3.666  0.212  0.006036  -0.06886  -0.01153
4  2  0  -2.865  2.882  -0.6713  -0.01043  -0.01218  -0.05325
4  2  1  4.24  0.5753  -0.04764  0.01857  0.01537  -0.03794
5  0  0  0.08746  -1.336  -0.2219  0.0198  -0.02812  -0.0244
5  0  1  1.993  4.679  0.3069  0.002756  -0.01947  -0.02271
5  1  0  0.7675  -1.419  -0.7887  -0.005777  0.07879  0.04689
5  1  1  2.86  0.2517  -0.7464  0.03776  0.02935  -0.001727
5  2  0  -4.063  8.044  0.1731  -0.008979  -0.02509  -0.08919
5  2  1  -0.321  1.734  0.4921  0.04195  0.08659  0.06796
6  0  0  -1.935  6.146  -0.5673  -0.007783  -0.05254  -0.002978
6  0  1  -2.859  2.838  -0.2527  -0.04141  0.05406  -0.03776
6  1  0  -3.979  6.135  0.7999  0.06022  -0.03819  0.00752
6  1  1  -4.866  3.378  0.4592  -0.01178  -0.01483  0.01569
6  2  0  -3.739  0.07518  0.1963  -0.04437  -0.0221  -0.02449
6  2  1  0.1249  2.512  0.2104  0.02774  -0.07377  -0.04724
7  0  0  -2.193  6.162  -0.1164  -0.0515  0.01971  0.02053
7  0  1  4.379  -0.09557  0.4949  0.001934  0.01068  -0.09851
7  1  0  -0.5562  1.054  -0.3962  -0.07244  -0.005208  0.02108
7  1  1  -4.421  3.905  -0.5777  0.02596  0.04443  0.02811
7  2  0  -0.6826  3.864  0.7412  -0.01593  -0.006266  0.0003381
7  2  1  -1.28  -7.638  0.2659  -0.03465  -0.01944  0.004604
