0  0  0  0.01689  -3.642  0  0.8537  1.4  0.4401
0  0  1  -0.2551  2.753  0  -3.703  0.2748  -0.4935
0  1  0  5.186  5.728  0  0.991  -0.9672  0.4961
0  1  1  -8.75  -2.431  0  -1.431  -0.8021  -1.442
0  2  0  4.98  -2.231  0  -2.586  -5.139  -2.906
0  2  1  -0.1374  -2.296  0  2.359  -3.046  4.673
1  0  0  0.8114  2.903  0  -2.599  -1.678  -2.847
1  0  1  4.118  -1.139  0  -2.72  1.125  -1.956
1  1  0  -0.6511  -3.409  0  -1.155  0.3835  -0.9697
1  1  1  -0.8878  -1.092  0  0.9964  -2.045  -3.067
1  2  0  1.208  0.3798  0  0.5248  -0.3474  -1.477
1  2  1  -1.823  -0.7025  0  1.038  -2.557  -5.659
2  0  0  -1.994  -1.304  0  0.5702  -0.6693  1.664
2  0  1  -4.324  7.08  0  -0.3567  -1.303  -2.818
2  1  0  -0.4221  -1.045  0  3.458  3.687  -0.5123
2  1  1  -1.902  -7.1  0  4.306  0.7812  4.929
2  2  0  -2.712  -3.983  0  -1.347  0.9686  0.1451
2  2  1  -3.735  -3.547  0  0.6862  -3.056  -0.6101
3  0  0  -0.06357  8.219  0  -2.231  -2.635  0.6032
3  0  1  -4.725  -0.09452  0  -5.602  -1.243  2.678
3  1  0  2.784  0.1301  0  -2.291  3.404  1.467
3  1  1  -1.421  -0.1411  0  0.7099  -1.296  1.268
3  2  0  1.105  -0.3253  0  2.155  -2.023  -3.063
3  2  1  -0.2262  -5.287  0  0.03798  2.387  -0.6292
4  0  0  7.013  -2.581  0  -1.951  4.731  0.9506
4  0  1  -0.7781  2.105  0  -2.647  1.757  2.33
4  1  0  -1.668  -2.405  0  3.853  3.043  -1.015
4  1  1  1.078  0.3659  0  0.5778  1.556  1.381
4  2  0  -1.47  -6.019  0  0.932  -0.6581  1.488
4  2  1  -2.296  2.775  0  0.01161  -1.165  1.52
5  0  0  -0.6081  -0.8966  0  -2.389  2.514  -1.095
5  0  1  1.048  3.443  0  -1.216  -1.873  1.212
5  1  0  -3.102  1.214  0  0.1927  1.101  -2.196
5  1  1  -1.137  4.426  0  -0.1826  1.76  1.698
5  2  0  2.471  -1.738  0  0.7005  0.3823  -1.486
5  2  1  0.6063  4.484  0  0.1398  -0.5416  -0.9611
6  0  0  2.437  3.845  0  -0.511  1.319  -0.1502
6  0  1  5.148  -1.119  0  4.424  1.335  -3.917
6  1  0  0.7627  -0.9746  0  -1.763  0.9108  -0.9241
6  1  1  -2.331  1.643  0  -0.6749  1.324  4.497
6  2  0  -4.301  1.1  0  0.6446  0.5075  -3.082
6  2  1  1.185  -2.997  0  -1.482  1.783  1.792
7  0  0  -3.471  0.205  0  4.109  -2.006  1.797
7  0  1  1.507  2.222  0  1.216  -2.854  -2.603
7  1  0  0.3184  2.18  0  -0.7853  -1.424  2.206
7  1  1  -6.97  -2.203  0  0.8793  -0.7256  1.16
7  2  0  3.388  -0.9497  0  -0.7402  -1.011  -1.949
7  2  1  3.961  -6.291  0  -1.36  0.2936  1.837
