0  0  0  1.905  -1.235  -0.1022  0.04072  -0.006333  0.01183
0  0  1  -0.02562  -5.16  -0.9871  -0.006639  -0.0434  -0.05224
0  1  0  0.2222  1.987  -0.8301  -0.001752  -0.04762  -0.01592
0  1  1  1.764  -0.6086  -0.3393  0.06592  -0.02304  0.02009
0  2  0  2.324  -2.861  0.6184  -0.05774  0.0594  0.0557
0  2  1  1.832  2.171  -0.1989  0.02438  -0.02354  0.01199
1  0  0  -6.43  -0.8758  0.2341  0.0135  0.03346  0.01458
1  0  1  1.142  -4.326  -0.06753  -0.03392  -0.03631  0.02783
1  1  0  1.47  1.245  0.02656  -0.03214  0.001516  -0.0153
1  1  1  -0.7939  4.926  0.5099  -0.01028  -0.0274  -0.01296
1  2  0  1.497  -2.379  -0.3097  0.0026  -0.02482  0.006712
1  2  1  2.973  0.2793  -0.3815  0.01196  -0.02467  0.07072
2  0  0  5.298  2.079  -0.02658  0.08432  -0.03094  -0.03729
2  0  1  4.384  6.441  -1.045  0.008125  0.02356  0.02186
2  1  0  -3.08  0.903  -0.05667  -0.0002557  0.02246  -0.04256
2  1  1  -1.692  0.7235  -0.5866  -0.07043  -0.07545  -0.02334
2  2  0  2.171  -0.5921  0.254  0.03412  0.009438  -0.005989
2  2  1  0.8385  -1.587  -0.2971  -0.01007  0.07026  0.02433
3  0  0  -3.443  -0.16  0.9679  -0.02073  -0.02466  -0.101
3  0  1  -0.5431  -0.3283  0.3716  0.04231  -0.02017  -0.02676
3  1  0  1.211  0.793  0.4139  0.005694  0.001292  0.02099
3  1  1  0.6737  -1.869  0.793  -0.08183  -0.03995  0.01124
3  2  0  1.829  0.1945  0.8506  -0.007184  0.05402  -0.01746
3  2  1  -2.52  -2.657  0.4886  -0.02573  -0.03617  0.0276
4  0  0  5.061  0.8891  0.8343  0.01417  -0.0003667  -0.01888
4  0  1  1.053  2.146  -0.6413  -0.004099  -0.02005  -0.05595
4  1  0  -4.524  3.563  -0.6092  -0.01599  0.0001835  -0.05052
4  1  1  -1.001  0.9889  -0.3901  -0.05399  -0.0009671  -0.05336
4  2  0  -0.06931  -3.016  -0.5763  0.09306  0.06796  -0.04527
4  2  1  -1.157  -1.715  0.2631  -0.03567  0.02961  -0.01143
5  0  0  -2.905  -0.6721  0.3628  -0.01325  -0.0001292  0.07651
5  0  1  1.089  0.5082  0.1291  -0.01631  0.02099  0.04238
5  1  0  1.821  -3.223  -0.2467  0.03543  -0.02959  -0.01877
5  1  1  -1.946  4.437  0.1434  0.03636  0.02188  -0.05185
5  2  0  2.887  1.675  0.8152  0.03138  0.06859  0.05923
5  2  1  -0.06915  4.373  -0.3773  -0.03311  0.01927  -0.012
6  0  0  -5.704  0.02781  -0.1101  -0.002227  0.02082  0.0008569
6  0  1  -0.7098  3.17  -0.7299  0.0747  0.01945  -0.06539
6  1  0  2.065  2.867  0.4395  -0.03608  0.008576  0.0655
6  1  1  4.598  -0.3836  -0.518  0.01423  -0.01018  0.01987
6  2  0  -2.286  -4.795  0.4505  0.05458  -0.02872  0.01899
6  2  1  -1.938  1.379  0.05872  0.04673  0.02518  -0.03135
7  0  0  3.407  -0.446  -0.343  -0.02487  0.01762  0.01804
7  0  1  0.2733  -0.2443  -0.5048  -0.05803  0.003852  -0.05875
7  1  0  -0.9813  1.911  0.4496  -0.008584  -0.01692  -0.02203
7  1  1  2.691  3.596  -0.2953  -0.004484  -0.005362  -0.02903
7  2  0  1.586  5.656  -0.04683  0.05325  0.01949  0.02026
7  2  1  3.532  -0.0472  0.3222  -0.02824  0.03732  0.03191
