0  0  0  2.366  4.056  0  -2.888  3.15  3.418
0  0  1  -2.598  4.185  0  -1.919  -0.9903  -0.9722
0  1  0  1.362  5.981  0  1.443  -0.08945  -2.604
0  1  1  1.671  0.5307  0  0.4439  0.3158  -1.489
0  2  0  -3.673  -1.099  0  -1.652  -3.939  0.02142
0  2  1  -4.087  -1.56  0  0.8158  -1.527  -2.686
1  0  0  3.6  1.452  0  -2.87  -0.7159  -2.85
1  0  1  0.03717  -3.321  0  -2.395  -0.249  1.267
1  1  0  3.096  -1.615  0  -3.225  0.2157  1.604
1  1  1  -2.202  -3.12  0  -2.436  -0.9645  0.7917
1  2  0  0.64  -1.594  0  -2.613  2.276  -1.212
1  2  1  -6.454  0.9383  0  -3.783  -0.06515  -0.6796
2  0  0  -0.2414  -5.369  0  0.1644  0.7381  -1.804
2  0  1  0.5277  4.878  0  -2.678  2.709  0.5439
2  1  0  2.844  -6.783  0  -2.588  0.262  -1.669
2  1  1  -1.273  0.1254  0  3.47  -3.812  -0.3822
2  2  0  0.2684  -3.332  0  1.206  0.2292  1.497
2  2  1  -4.192  0.9609  0  0.9947  -0.7873  2.031
3  0  0  3.59  0.8631  0  2.536  0.4139  -2.467
3  0  1  2.464  1.802  0  -0.8611  -1.01  1.044
3  1  0  1.263  -2.87  0  -2.498  1.725  -1.18
3  1  1  0.8245  -1.899  0  1.471  1.924  5.417
3  2  0  3.144  2.288  0  -1.956  2.53  -1.24
3  2  1  -3.514  4.542  0  -1.264  1.559  1.046
4  0  0  2.785  4.137  0  -1.305  -0.6647  -0.1632
4  0  1  -3.361  -3.36  0  0.8921  -1.366  1.951
4  1  0  -3.364  0.9167  0  1.346  1.509  -0.4588
4  1  1  0.9348  0.3418  0  -2.678  -3.098  -3.52
4  2  0  -2.65  4.254  0  1.407  1.307  -0.4905
4  2  1  -3.291  -3.773  0  1.964  0.4283  -0.246
5  0  0  -2.12  4.652  0  -1.294  -1.551  -1.864
5  0  1  1.051  -1.774  0  1.43  -0.5699  -1.551
5  1  0  -1.145  3.817  0  3.74  0.381  0.5802
5  1  1  -1.231  -0.5649  0  -0.963  -0.9963  -2.775
5  2  0  -0.8343  0.05737  0  -1.989  3.583  1.053
5  2  1  0.7142  2.38  0  -2.019  -0.355  -3.989
6  0  0  3.1  6.488  0  -2.211  0.9569  -2.3
6  0  1  3.862  3.968  0  -2.401  0.7238  1.758
6  1  0  -1.769  -4.89  0  -0.759  -0.3432  3.149
6  1  1  0.3698  4.867  0  -0.4631  -1.035  -1.531
6  2  0  -4.769  -3.152  0  1.914  -1.075  1.273
6  2  1  1.695  -0.5869  0  -0.9476  -2.047  0.6565
7  0  0  2.555  0.8008  0  1.84  1.478  0.8617
7  0  1  1.266  -2.284  0  3.675  0.4615  -1.161
7  1  0  -0.1473  0.799  0  -0.4289  3.282  1.383
7  1  1  -3.136  3.492  0  -0.183  -2.604  -0.2598
7  2  0  -2.593  -1.206  0  -2.167  1.244  -0.4871
7  2  1  -2.402  3.266  0  0.4193  -1.323  -3.306
