0  0  0  2.892  1.916  0.525  -0.0689  0.02656  -0.0086
0  0  1  2.607  -0.4611  -0.8006  -0.005612  0.02448  -0.01102
0  1  0  3.504  -4.407  -0.09674  0.003635  -0.03629  -0.04844
0  1  1  -1.825  1.219  0.2679  -0.01652  0.04182  0.0782
0  2  0  -3.952  3.02  -1.097  -0.05508  -0.01228  -0.02861
0  2  1  3.155  -1.364  -0.2128  0.05714  -0.03596  -0.04413
1  0  0  -5.482  0.5062  0.328  -0.006714  0.04546  -0.01921
1  0  1  -6.769  -0.9513  0.1472  0.06234  -0.028  -0.02364
1  1  0  -1.886  -0.9773  -0.4709  -0.03725  -0.03163  0.01339
1  1  1  -0.4306  -0.3757  -0.4083  0.01525  0.000906  -0.02793
1  2  0  -2.043  0.1435  -1.317  -0.008501  -0.02332  -0.02699
1  2  1  2.819  2.552  0.2932  0.04771  0.009315  0.01176
2  0  0  -4.043  -2.007  -0.93  0.003018  0.00965  -0.02737
2  0  1  -0.6173  1.161  0.1092  -0.03335  0.008421  0.04591
2  1  0  -0.01807  -3.285  0.4821  0.01639  -0.002517  0.03686
2  1  1  2.008  -0.6515  0.07593  0.04148  -0.009647  0.02287
2  2  0  -5.723  1.122  0.05626  -0.004099  -0.0361  -0.05711
2  2  1  0.1793  -1.856  -0.04325  -0.002606  -0.03677  0.07445
3  0  0  0.5191  -0.2215  -0.3863  -0.0392  0.05997  -0.02095
3  0  1  0.04158  -0.8287  -0.508  -0.005988  -0.001339  -0.01221
3  1  0  -0.001839  -1.562  -0.7364  -0.01972  -0.08015  0.0119
3  1  1  -1.846  9.058  0.3135  -0.04165  0.03047  0.04023
3  2  0  -2.932  2.909  0.2174  -0.03168  -0.06483  0.02839
3  2  1  -1.852  -0.8256  -0.08219  0.04516  -0.01543  0.0212
4  0  0  -1.874  -1.861  -0.7625  0.04831  0.01387  -0.03862
4  0  1  3.111  0.3759  0.2015  0.07286  -0.02316  0.008097
4  1  0  6.998  -4.201  -0.389  0.01399  0.04456  0.01383
4  1  1  -2.123  0.2709  0.2794  0.01903  0.02057  0.05014
4  2  0  -1.341  0.7315  -0.9349  0.01965  0.0138  0.03961
4  2  1  0.4939  -4.742  0.7299  -0.03094  0.002422  -0.0517
5  0  0  2.973  1.631  -0.8573  -0.03345  -0.008446  -0.04894
5  0  1  0.2621  -6.353  0.6772  -0.02738  -0.004959  0.07129
5  1  0  3.539  0.7389  0.1189  0.042  0.04533  -0.04118
5  1  1  6.601  -0.1859  -0.409  -0.02388  0.02586  -0.0273
5  2  0  -0.1973  -1.894  0.08573  -0.06061  -0.004388  -0.04086
5  2  1  -4.225  4.19  0.8033  0.02174  0.02403  0.006435
6  0  0  0.09986  -5.55  0.08258  -0.04498  0.04826  -0.04068
6  0  1  -0.8066  2.616  0.9589  -0.02226  -0.03916  0.01919
6  1  0  0.8702  0.6276  0.7078  0.07121  0.0008314  -0.02014
6  1  1  0.733  -3.823  -0.3529  0.01715  -0.01872  -0.02361
6  2  0  -2.176  0.1489  -0.5409  -0.05443  0.02112  0.04601
6  2  1  4.94  -6.924  -0.08259  -0.014  0.07694  -0.0409
7  0  0  3.387  -5.98  0.5256  -0.07298  0.05479  0.03939
7  0  1  -6.611  -0.6869  -0.09985  -0.06378  0.05037  0.05415
7  1  0  -4.401  3.103  -0.06989  -0.05339  -0.02197  0.02299
7  1  1  2.346  -1.041  0.4743  0.02684  -0.03569  -0.003844
7  2  0  -0.4985  -4.682  -0.2967  0.06764  0.01536  0.011
7  2  1  -0.1433  -1.996  -0.1769  -0.04924  0.01178  -0.009523
