0  0  0  -0.4559  0.6273  0.1338  -0.01955  -0.03706  -0.03595
0  0  1  -1.319  -1.278  -0.7088  0.04214  -0.02822  -0.04407
0  1  0  1.295  1.903  -0.4343  0.005728  -0.02682  0.03889
0  1  1  -0.4577  0.514  -0.183  -0.007486  -0.008573  0.01148
0  2  0  2.363  -3.055  -0.5215  0.01115  -0.04339  0.09254
0  2  1  -4.494  -6.221  -0.3958  -0.01517  0.005617  -0.02009
1  0  0  0.0363  6.668  -0.2953  -0.001746  -0.06952  -0.06527
1  0  1  -2.354  -0.6261  0.04888  -0.01938  -0.00245  -0.0477
1  1  0  -1.4  1.776  -0.7811  0.01825  0.03573  -0.05011
1  1  1  0.7652  -0.3109  -0.3216  0.008647  0.001622  0.04533
1  2  0  0.6611  0.3111  0.5048  -0.02896  -0.03452  0.02686
1  2  1  -0.6341  -2.701  0.6175  0.04911  0.002856  -0.0303
2  0  0  -5.578  1.929  0.3858  0.01036  -0.04212  -0.02259
2  0  1  -0.1781  1.403  -0.6538  0.03748  -0.04317  0.003458
2  1  0  -2.236  0.9845  -0.8403  0.01291  0.01037  -0.01286
2  1  1  2.986  -0.2995  0.05024  0.04932  -0.04292  -0.04071
2  2  0  -2.387  -1.386  0.3398  -0.01812  -0.00812  -0.002823
2  2  1  -8.497  -1.693  -0.2733  -0.009946  -0.03264  -0.003714
3  0  0  0.9183  1.29  0.0397  0.02332  -0.03801  0.01868
3  0  1  -0.8548  0.903  -0.3585  -0.02753  -0.005576  0.03662
3  1  0  2.634  4.893  -0.5402  0.01461  0.01565  -0.01331
3  1  1  2.895  5.072  0.1432  -0.02179  0.01285  0.03429
3  2  0  -5.386  0.904  -1.002  0.02302  0.04779  0.01986
3  2  1  -2.319  1.259  -1.389  -0.006016  -0.002028  0.01728
4  0  0  -1.947  -1.606  0.08261  -0.008714  0.04376  -0.04699
4  0  1  3.095  1.853  0.6385  0.04722  0.02365  0.01845
4  1  0  0.1979  -1.569  -0.1194  0.01485  -0.0004294  -0.006811
4  1  1  -2.108  -7.122  -0.4934  0.0452  -0.0253  -0.003045
4  2  0  -1.703  2.727  0.5496  0.001285  -0.02737  -0.01459
4  2  1  -2.532  0.1517  0.0876  0.001102  0.01744  0.02187
5  0  0  -0.7287  -1.716  -0.5306  -0.04868  -0.06699  0.00205
5  0  1  -2.316  0.9491  0.0591  -0.0513  -0.02757  -0.03031
5  1  0  4.953  3.385  -0.2088  0.009288  0.01539  -0.01406
5  1  1  2.44  0.4232  -0.149  0.03609  0.00955  -0.01441
5  2  0  1.607  0.9551  0.4174  0.07952  -0.01619  0.002316
5  2  1  -3.312  1.349  0.2922  -0.05824  -0.008652  -0.06367
6  0  0  -2.447  0.6698  -0.5079  0.01017  -0.06842  -0.002296
6  0  1  3.762  2.132  -0.5192  0.055  0.0382  -0.02087
6  1  0  -3.707  -2.718  -0.04901  0.0451  -0.01469  0.009402
6  1  1  -2.121  1.89  0.9318  0.0167  0.05154  -0.001968
6  2  0  -0.4195  1.523  -0.2379  0.02758  -0.04588  -0.0445
6  2  1  2.566  -1.101  -0.04042  -0.03666  -0.07185  -0.008831
7  0  0  -3.335  5.939  0.5197  0.0116  0.01545  -0.0002573
7  0  1  0.3309  1.991  0.5332  -0.0007746  -0.01563  -0.02189
7  1  0  -2.764  4.779  0.1221  0.01906  0.00995  0.05158
7  1  1  3.563  -0.4324  0.9051  0.008433  -0.06354  0.02171
7  2  0  -0.6149  0.1289  -0.07212  -0.02912  0.009984  0.03227
7  2  1  -0.8611  -0.3069  -0.7673  -0.0001996  -0.001522  -0.007546
