0  0  0  -2.69  1.524  0  0.6839  -0.7814  1.794
0  0  1  3.913  -4.602  0  -0.5149  2.298  0.4449
0  1  0  3.518  1.367  0  5.087  -2.612  1.508
0  1  1  -4.448  1.867  0  2.119  0.9323  0.7051
0  2  0  2.112  -1.576  0  2.617  0.5145  1.742
0  2  1  -1.591  -4.096  0  0.08728  -0.7131  4.109
1  0  0  7.065  -7.403  0  2.042  0.02957  1.659
1  0  1  -0.74  -1.763  0  -3.565  1.184  2.742
1  1  0  -2.161  0.3083  0  2.557  0.7098  0.9108
1  1  1  -0.1402  2.482  0  -1.308  0.5162  0.6864
1  2  0  0.7252  -1.019  0  -3.823  0.4477  2.138
1  2  1  2.67  0.8809  0  -3.408  -1.978  2.291
2  0  0  2.172  4.971  0  0.7991  -0.4688  0.1725
2  0  1  0.4977  1.518  0  0.4473  -1.705  2.45
2  1  0  -0.9509  6.056  0  0.8301  1.379  -2.902
2  1  1  3.508  -0.8056  0  0.1783  -3.453  0.1783
2  2  0  6.061  -1.042  0  1.818  0.5685  -0.5011
2  2  1  -2.95  -1.502  0  -0.3885  -1.834  -0.2276
3  0  0  -2.385  -0.3791  0  0.1199  -1.171  3.989
3  0  1  4.016  2.523  0  -1.598  0.4006  0.2865
3  1  0  2.816  3.073  0  2.129  -0.6895  3.643
3  1  1  4.144  -4.017  0  -3.639  -4.704  0.3795
3  2  0  2.835  -2.25  0  -0.7907  1.34  1.278
3  2  1  1.475  -1.534  0  0.6302  -0.3464  3.521
4  0  0  -1.426  -3.304  0  0.715  0.4243  0.04546
4  0  1  -4.445  -1.5  0  -2.169  -0.4449  1.293
4  1  0  -3.354  7.246  0  -1.307  -2.943  -1.315
4  1  1  4.646  0.9299  0  1.036  1.289  1.468
4  2  0  2.511  -1.721  0  1.785  0.8357  -1.481
4  2  1  -1.158  -4.431  0  -1.344  1.928  0.01102
5  0  0  -1.962  1.218  0  -2.527  0.1596  -0.1196
5  0  1  -4.026  -1.099  0  -0.931  2.089  2.264
5  1  0  3.298  0.9427  0  0.1233  1.24  -0.4923
5  1  1  -1.384  2.759  0  -1.108  0.4465  2.452
5  2  0  2.221  2.546  0  -0.6735  1.38  3.413
5  2  1  0.4538  4.827  0  -0.2145  0.6247  -0.7852
6  0  0  -3.829  0.6895  0  0.9104  -0.09034  -0.2191
6  0  1  7.517  4.682  0  -1.611  -1.893  -0.7224
6  1  0  -3.203  -4.865  0  1.225  3.75  -0.2523
6  1  1  -4.016  0.4493  0  2.55  -2.969  -2.813
6  2  0  -2.022  -3.62  0  -1.723  -1.537  -2.977
6  2  1  3.566  -0.9988  0  -0.8682  -0.2268  -3.273
7  0  0  2.903  -0.3425  0  -0.6564  -0.000353  -0.05687
7  0  1  4.99  -1.683  0  -1.369  0.6913  3.812
7  1  0  1.248  -3.732  0  0.9721  -0.6415  2.847
7  1  1  -0.9443  -0.03432  0  1.815  2.174  0.8956
7  2  0  -1.227  -1.392  0  1.202  -1.199  1.031
7  2  1  2.085  -1.98  0  0.01989  -3.256  -2.52
