0  0  0  1.905  -1.235  0  2.333  -0.3628  0.6778
0  0  1  -0.02562  -5.16  0  -0.3804  -2.487  -2.993
0  1  0  0.2222  1.987  0  -0.1004  -2.728  -0.9122
0  1  1  1.764  -0.6086  0  3.776  -1.32  1.151
0  2  0  2.324  -2.861  0  -3.308  3.403  3.191
0  2  1  1.832  2.171  0  1.397  -1.348  0.6867
1  0  0  -6.43  -0.8758  0  0.7733  1.917  0.8351
1  0  1  1.142  -4.326  0  -1.944  -2.08  1.595
1  1  0  1.47  1.245  0  -1.841  0.08687  -0.8763
1  1  1  -0.7939  4.926  0  -0.5891  -1.57  -0.7424
1  2  0  1.497  -2.379  0  0.149  -1.422  0.3845
1  2  1  2.973  0.2793  0  0.6852  -1.413  4.051
2  0  0  5.298  2.079  0  4.831  -1.773  -2.136
2  0  1  4.384  6.441  0  0.4655  1.35  1.252
2  1  0  -3.08  0.903  0  -0.01465  1.287  -2.438
2  1  1  -1.692  0.7235  0  -4.035  -4.322  -1.337
2  2  0  2.171  -0.5921  0  1.954  0.5407  -0.3431
2  2  1  0.8385  -1.587  0  -0.5767  4.025  1.394
3  0  0  -3.443  -0.16  0  -1.188  -1.413  -5.789
3  0  1  -0.5431  -0.3283  0  2.424  -1.156  -1.533
3  1  0  1.211  0.793  0  0.3262  0.07399  1.202
3  1  1  0.6737  -1.869  0  -4.688  -2.288  0.6437
3  2  0  1.829  0.1945  0  -0.4116  3.095  -1
3  2  1  -2.52  -2.657  0  -1.474  -2.072  1.581
4  0  0  5.061  0.8891  0  0.812  -0.02101  -1.082
4  0  1  1.053  2.146  0  -0.2348  -1.149  -3.205
4  1  0  -4.524  3.563  0  -0.9163  0.01051  -2.894
4  1  1  -1.001  0.9889  0  -3.093  -0.05541  -3.057
4  2  0  -0.06931  -3.016  0  5.331  3.894  -2.593
4  2  1  -1.157  -1.715  0  -2.044  1.697  -0.655
5  0  0  -2.905  -0.6721  0  -0.7589  -0.007402  4.383
5  0  1  1.089  0.5082  0  -0.9344  1.202  2.428
5  1  0  1.821  -3.223  0  2.03  -1.695  -1.075
5  1  1  -1.946  4.437  0  2.083  1.253  -2.97
5  2  0  2.887  1.675  0  1.798  3.929  3.393
5  2  1  -0.06915  4.373  0  -1.897  1.104  -0.6873
6  0  0  -5.704  0.02781  0  -0.1276  1.193  0.04909
6  0  1  -0.7098  3.17  0  4.28  1.114  -3.746
6  1  0  2.065  2.867  0  -2.067  0.4913  3.752
6  1  1  4.598  -0.3836  0  0.8151  -0.5835  1.138
6  2  0  -2.286  -4.795  0  3.127  -1.645  1.088
6  2  1  -1.938  1.379  0  2.677  1.443  -1.796
7  0  0  3.407  -0.446  0  -1.425  1.01  1.033
7  0  1  0.2733  -0.2443  0  -3.325  0.2207  -3.366
7  1  0  -0.9813  1.911  0  -0.4918  -0.9692  -1.262
7  1  1  2.691  3.596  0  -0.2569  -0.3072  -1.663
7  2  0  1.586  5.656  0  3.051  1.116  1.161
7  2  1  3.532  -0.0472  0  -1.618  2.138  1.828
