0  0  0  3.12  -2.722  0  -0.5245  -2.918  0.09215
0  0  1  2.485  -1.189  0  0.4964  -2.03  -0.9901
0  1  0  -2.108  -4.015  0  -0.513  -0.5106  0.9049
0  1  1  -1.633  -2.309  0  -1.674  -3.314  3.396
0  2  0  -0.2593  -0.5174  0  1.979  -3.855  -2.053
0  2  1  3.231  1.072  0  0.5174  -0.1885  0.05381
1  0  0  -1.854  -4.306  0  -4.581  -2.325  2.688
1  0  1  -0.6352  -1.578  0  0.355  0.3912  -0.9924
1  1  0  -1.73  -0.215  0  -2.215  2.315  -0.1194
1  1  1  -0.397  -1.042  0  -0.6977  -3.383  1.872
1  2  0  0.5714  2.195  0  -1.589  1.321  0.1643
1  2  1  0.3751  -0.967  0  -0.6938  0.3538  -0.0543
2  0  0  -1.94  -3.052  0  0.8974  -0.08319  2.088
2  0  1  -0.1867  1.499  0  0.6284  -2.301  0.122
2  1  0  4.793  0.4671  0  -0.6016  0.1678  3.396
2  1  1  5.16  2.241  0  -0.5158  0.07821  -3.167
2  2  0  -7.069  0.0251  0  -1.918  -0.233  -3.313
2  2  1  -0.1964  1.171  0  0.2403  -0.886  2.042
3  0  0  5.383  1.796  0  0.3145  -0.9589  -0.5799
3  0  1  -3.046  1.218  0  7.419  0.3236  -0.5169
3  1  0  -0.921  -3.885  0  -1.729  -1.352  -0.5134
3  1  1  0.5885  0.7428  0  0.8952  0.1301  -3.355
3  2  0  -0.09945  1.039  0  1.401  -0.442  0.4622
3  2  1  -1.319  2.406  0  -0.6566  1.191  0.9378
4  0  0  3.352  -0.8121  0  3.387  3.267  0.2388
4  0  1  -3.377  0.7433  0  -1.917  1.043  0.6199
4  1  0  4.647  3.487  0  -1.243  3.371  0.7174
4  1  1  2.289  -0.2118  0  -1.182  1.309  -0.2461
4  2  0  -1.779  -2.547  0  2.116  -2.629  3.612
4  2  1  -4.869  1.381  0  -3.455  -0.448  2.701
5  0  0  -4.041  2.36  0  -0.1462  4.52  -0.4535
5  0  1  4.335  3.86  0  -2.148  1.322  2.973
5  1  0  1.766  4.342  0  -3.555  -2.872  2.486
5  1  1  2.109  -3.241  0  0.3154  -3.169  2.431
5  2  0  -1.899  -10.45  0  -2.796  3.152  0.8129
5  2  1  1.827  -1.749  0  -0.8793  3.511  2.714
6  0  0  -2.658  -0.299  0  -1.975  0.5724  0.5609
6  0  1  7.168  -0.8845  0  -1.009  -4.3  0.5116
6  1  0  -1.144  -3.494  0  1.582  1.525  0.6111
6  1  1  1.186  -1.381  0  0.7259  -0.7151  0.03652
6  2  0  7.393  -4.551  0  -1.063  0.2017  -0.1997
6  2  1  5.431  -2.94  0  -0.1171  -1.061  -0.6369
7  0  0  -1.601  1.762  0  0.4725  -1.533  -3.126
7  0  1  3.122  1.476  0  -2.813  2.892  0.8399
7  1  0  2.329  1.328  0  -3.95  -0.4957  -1.806
7  1  1  -4.386  1.521  0  -3.057  -0.9325  -1.644
7  2  0  2.716  1.862  0  0.273  -0.5622  -3.113
7  2  1  -2.178  2.945  0  -2.715  0.4773  -2.422
