0  0  0  2.083  -0.7773  0.8106  0.01671  0.01864  0.01593
0  0  1  0.3709  6.234  0.1506  0.04662  -0.0109  -0.05336
0  1  0  2.47  -0.4869  0.1258  -0.03496  0.03515  -0.001006
0  1  1  -0.6617  -4.301  1.019  -0.008808  -0.01073  -0.006935
0  2  0  -3.428  -2.604  -0.296  0.02066  -0.002762  -0.05945
0  2  1  3.501  -4.822  -0.8256  -0.02523  -0.003558  -0.02873
1  0  0  -2.344  0.7303  0.7965  -0.008337  0.03322  0.02331
1  0  1  -1.797  4.756  0.1081  -0.0479  -0.01292  0.02095
1  1  0  -3.746  0.6048  -0.08409  -0.007099  -0.06643  -0.02516
1  1  1  -1.515  -2.451  -0.5986  -0.07986  -0.01033  -0.02873
1  2  0  5.786  -0.6747  0.2891  -0.02674  0.06707  0.005877
1  2  1  -3.179  1.387  0.6035  -0.01904  -0.04863  -0.004778
2  0  0  5.039  0.7592  -0.01381  0.05073  -0.02325  0.009436
2  0  1  1.804  -3.774  0.2585  0.04979  0.0004618  0.04379
2  1  0  5.353  -1.518  -0.164  0.0171  -0.01573  -0.02992
2  1  1  -1.567  -2.144  -0.1334  -0.0224  -0.0001378  -0.009138
2  2  0  -6.735  -4.76  0.2439  0.02182  0.06412  0.02229
2  2  1  -0.4639  -1.685  -0.23  -0.04438  0.009726  0.0004994
3  0  0  -2.419  -1.917  -0.1989  0.0245  -0.008633  -0.02414
3  0  1  4.105  8.787  -0.7033  -0.004211  -0.06064  0.00782
3  1  0  -5.696  2.503  -0.009888  0.01734  0.1047  -0.03572
3  1  1  4.496  1.42  0.8688  -0.009122  0.01024  -0.009398
3  2  0  0.5043  1.485  -0.3912  0.0244  0.01758  -0.05633
3  2  1  0.481  -2.796  0.2392  -0.02808  -0.06824  0.02834
4  0  0  3.356  4.225  0.008221  -0.1037  -0.004642  0.02583
4  0  1  -1.521  1.683  0.1939  0.01242  0.07209  -0.03578
4  1  0  -2.172  1.586  0.3315  0.001069  0.007724  0.04024
4  1  1  2.873  1.895  -0.2029  -0.08144  -0.02957  0.05073
4  2  0  -6.117  -1.395  -0.6674  -0.002723  0.02396  0.008118
4  2  1  0.6052  2.889  0.4274  0.05733  0.08265  -0.02612
5  0  0  -3.664  1.058  -0.9094  0.006113  -0.02402  -0.0062
5  0  1  -0.2149  -1.818  0.2569  0.05226  0.05972  -0.02095
5  1  0  -2.032  -0.9739  -0.086  0.04229  0.06846  -0.02769
5  1  1  -2.624  -7.556  -0.702  -0.02916  0.01919  -0.008697
5  2  0  -3.082  4.501  0.007527  0.01961  0.009279  -0.01878
5  2  1  0.4418  -0.626  -0.7485  0.00893  0.001597  0.007426
6  0  0  -0.327  -0.7797  0.4919  -0.02863  0.01677  -0.01603
6  0  1  0.6701  -6.212  0.09485  0.009157  -0.03044  0.02351
6  1  0  1.235  -2.965  0.6229  -0.0651  0.02623  0.01494
6  1  1  2.594  3.884  0.5552  -0.01776  0.04023  0.005488
6  2  0  4.013  -0.5605  -0.5899  0.06133  0.01438  0.03436
6  2  1  0.9936  -5.432  0.5855  0.007815  0.02027  0.0122
7  0  0  -0.1515  -8.556  -0.1383  0.001025  0.005402  -0.04969
7  0  1  2.247  2.928  -0.7384  -0.01446  0.05044  0.06211
7  1  0  -4  4.265  0.7482  0.008793  0.001821  0.03208
7  1  1  0.6273  -0.1147  0.4331  -0.01441  -0.001576  0.03696
7  2  0  5.811  -1.712  0.01301  0.00272  0.001671  -0.01893
7  2  1  2.785  -0.05637  -0.1009  0.03916  0.0003429  -0.05356
