0  0  0  -1.008  -3.216  0  0.04063  -2.379  5.445
0  0  1  -2.037  6.075  0  2.462  -1.18  0.5075
0  1  0  5.45  -1.915  0  -0.3449  0.173  -0.9566
0  1  1  0.4196  2.359  0  -2.345  2.605  -0.9102
0  2  0  2.851  2.592  0  -2.091  -5.797  -1.297
0  2  1  0.4324  0.3069  0  0.5403  -0.719  0.7827
1  0  0  -5.513  -4.934  0  1.229  3.065  0.5587
1  0  1  -4.43  3.533  0  -2.47  -0.4091  -2.452
1  1  0  -3.091  3.423  0  1.113  -2.549  -1.036
1  1  1  0.7701  1.946  0  1.315  -3  2.872
1  2  0  -0.3314  -5.193  0  -0.413  -0.04059  -2.697
1  2  1  -5.455  -3.756  0  -1.006  3.574  3.156
2  0  0  -0.09651  0.3383  0  1.096  -0.8297  1.149
2  0  1  1.144  1.961  0  0.5526  4.065  0.8504
2  1  0  -0.3618  1.572  0  0.4079  6.108  1.311
2  1  1  -0.1004  0.02731  0  -1.944  0.9585  -0.2646
2  2  0  -3.889  2.723  0  -0.313  0.4963  -4.289
2  2  1  3.183  -0.9504  0  -0.9147  0.9628  2.174
3  0  0  -0.7428  -4.92  0  -0.6894  -0.9094  -1.172
3  0  1  4.185  -4.365  0  -3.418  1.682  -4.107
3  1  0  0.9743  4.522  0  0.0871  0.2102  -2.017
3  1  1  2.207  -3.977  0  3.018  -0.9813  0.3942
3  2  0  -1.071  -3.295  0  2.358  2.211  -2.783
3  2  1  -3.762  1.466  0  2.398  0.5175  2.073
4  0  0  -5.307  -0.81  0  1.068  1.775  -3.013
4  0  1  -3.528  8.368  0  3.727  2.774  -1.396
4  1  0  0.4613  -2.854  0  -2.526  -1.398  -0.6268
4  1  1  2.858  0.2955  0  4.213  -1.247  -0.7258
4  2  0  3.192  1.736  0  -1.726  -1.998  2.046
4  2  1  -2.104  1.07  0  1.157  -3.025  -1.462
5  0  0  1.497  -4.712  0  -1.879  2.02  -0.95
5  0  1  -1.738  1.806  0  0.8167  -0.3113  -0.498
5  1  0  5.408  -2.549  0  -2.288  -0.4633  -1.433
5  1  1  -2.05  -3.243  0  -1.064  2.289  -0.7251
5  2  0  0.01026  -5.574  0  2.781  -1.92  1.248
5  2  1  2.857  -1.421  0  1.945  -1.364  1.867
6  0  0  -3.961  2.76  0  -2.285  3.758  -1.837
6  0  1  0.9565  2.256  0  -3.603  0.3307  -1.307
6  1  0  3.131  3.053  0  2.545  -1.116  4.604
6  1  1  -2.915  -0.6213  0  -2.333  1.318  -0.4683
6  2  0  -0.4613  3.186  0  1.868  -0.6777  -2.674
6  2  1  -0.04827  1.28  0  0.5069  0.07417  0.4946
7  0  0  1.024  -0.7156  0  -4.049  -1.972  1.03
7  0  1  -5.383  -3.636  0  0.08195  -0.7636  1.174
7  1  0  0.5053  0.4588  0  1.913  -1.361  0.2705
7  1  1  2.962  -1.454  0  -1.2  0.5841  3.859
7  2  0  -7.167  -1.559  0  1.624  -1.691  0.5919
7  2  1  0.2966  -1.711  0  1.989  -1.5  -1.415
