0  0  0  0.9017  -1.139  0  -1.564  0.8104  -1.574
0  0  1  1.075  -3.563  0  2.864  0.6821  1.107
0  1  0  -4.278  -2.458  0  -1.739  1.986  -1.308
0  1  1  -0.752  -4.37  0  0.781  -3.041  -3.449
0  2  0  2.056  -1.453  0  0.6855  -2.868  3.222
0  2  1  4.079  -1.772  0  -0.6722  -2.685  -0.9061
1  0  0  8.12  0.6157  0  -1.217  -0.476  3.045
1  0  1  -9.696  -4.345  0  -1.32  1.234  0.1263
1  1  0  0.5657  -0.4618  0  0.2901  -1.914  -0.3861
1  1  1  -1.178  0.5466  0  1.617  -2.235  -0.1449
1  2  0  1.267  -2.397  0  1.42  1.735  2.75
1  2  1  -1.691  1.702  0  -1.872  0.6517  -0.1671
2  0  0  2.66  -1.906  0  5.292  -0.7003  -0.8072
2  0  1  -0.03161  -3.44  0  2.324  0.0632  -0.7442
2  1  0  6.765  -5.252  0  2.198  -0.3775  -0.2147
2  1  1  2.135  -2.856  0  -0.3513  6.607  -2.16
2  2  0  -2.43  4.131  0  0.3457  -0.2518  0.7155
2  2  1  -1.879  1.288  0  -1.018  -1.151  0.1021
3  0  0  -4.135  -1.445  0  -0.008502  2.248  -1.914
3  0  1  -0.2248  1.599  0  -2.888  4.136  -1.046
3  1  0  -1.203  -2.761  0  2.701  1.299  0.1524
3  1  1  -4.936  3.278  0  -1.643  0.411  -0.2509
3  2  0  -1.169  1.035  0  2  1.949  0.2077
3  2  1  0.7439  2.996  0  0.8731  -0.3794  0.4621
4  0  0  -6.028  -0.7347  0  -0.0655  3.714  -0.9978
4  0  1  -0.3961  -4.209  0  1.448  -0.4129  1.406
4  1  0  -4.048  -3.61  0  0.4893  -4.004  2.736
4  1  1  -6.238  -1.571  0  -0.08067  -4.042  -0.5852
4  2  0  -6.862  0.5018  0  0.853  -0.5502  3.634
4  2  1  3.924  -0.7386  0  -0.5695  1.51  -1.11
5  0  0  1.824  -0.5626  0  -1.296  -0.511  -2.614
5  0  1  0.5669  -4.153  0  1.308  -3.028  2.892
5  1  0  -1.05  1.757  0  -1.793  2.334  0.09829
5  1  1  -0.562  4.506  0  0.6802  -1.858  -2.332
5  2  0  0.3042  -1.749  0  3.523  -0.7226  2.011
5  2  1  -1.13  -3.248  0  0.6748  -1.178  3.333
6  0  0  -5.416  -2.448  0  -0.1123  0.9962  -0.09577
6  0  1  -0.4561  4.806  0  0.5958  -0.6501  1.497
6  1  0  -0.52  -0.7572  0  -2.384  0.3638  0.3383
6  1  1  -4.309  -0.7682  0  -2.977  1.536  -0.1762
6  2  0  2.608  3.519  0  1.361  0.2224  3.303
6  2  1  -3.145  -1.079  0  -1.372  -3.234  1.885
7  0  0  -1.837  2.215  0  -0.9789  3.269  2.107
7  0  1  -1.036  -5.041  0  -0.7836  -0.5808  -1.205
7  1  0  -0.4963  -5.822  0  -5.293  1.389  -0.09612
7  1  1  1.173  3.21  0  2.359  -1.488  -1.023
7  2  0  0.2732  3.162  0  3.152  -0.0216  -1.089
7  2  1  0.0352  -2.238  0  -0.2315  -1.638  4.278
