0  0  0  8.325  4.503  0.3967  -0.02035  0.08175  0.00515
0  0  1  3.738  0.3665  0.3988  0.02142  0.02122  -0.02028
0  1  0  -0.2526  -4.446  0.9785  0.02322  0.01725  -0.01006
0  1  1  5.776  -5.818  -0.1861  -0.009001  -0.007128  -0.03631
0  2  0  1.391  -2.26  0.8041  -0.02101  -0.07862  0.02577
0  2  1  3.818  -5.384  -0.2503  -0.005715  0.05383  0.01246
1  0  0  0.4687  5.346  0.4049  0.01122  0.07855  0.01316
1  0  1  -3.589  4.636  -0.1439  0.007211  0.01785  0.02123
1  1  0  -4.627  -2.41  -0.1845  0.01632  0.03532  0.06868
1  1  1  0.1729  2.97  0.09522  -0.03449  -0.01781  0.06099
1  2  0  3.207  3.138  0.01985  0.03864  -0.006659  -0.03753
1  2  1  1.301  -0.8847  0.5123  0.02757  -0.03408  -0.03157
2  0  0  -3.32  3.596  -0.5921  0.02564  0.08695  0.01416
2  0  1  -4.742  -7.277  -0.2521  0.06685  -0.02304  0.0653
2  1  0  3.965  0.07248  -0.551  0.03658  0.004364  -0.02814
2  1  1  1.625  0.3133  -1.243  0.01108  0.03455  0.01224
2  2  0  -3.022  0.578  1.265  -0.01362  0.0247  0.007297
2  2  1  -3.635  3.335  -0.7456  0.04377  0.003597  -0.05375
3  0  0  3.437  1.797  -0.2634  0.04142  -0.007167  -0.01532
3  0  1  -8.113  -4.032  -0.8727  -0.02246  0.01643  0.01852
3  1  0  2.676  1.981  -0.07372  -0.02217  0.002308  -0.03248
3  1  1  4.191  6.151  0.2713  0.02865  0.09337  0.05879
3  2  0  -2.295  3.248  -0.372  0.02765  0.01489  0.01803
3  2  1  2.664  2.413  0.1597  -0.006829  -0.04009  0.002481
4  0  0  -1.21  2.782  0.1035  -0.01296  -0.006428  -0.01231
4  0  1  1.869  -8.571  0.879  0.002364  0.02248  -0.01944
4  1  0  6.976  2.548  0.3782  -0.007692  -0.01638  -0.008771
4  1  1  5.608  -0.2769  0.3479  -0.03134  -0.02655  -0.03423
4  2  0  -1.541  -1.058  0.7027  0.03223  -0.03727  0.03499
4  2  1  -4.468  6.311  -0.612  0.01409  -0.02136  0.04033
5  0  0  2.935  0.9897  -0.2757  0.009534  0.02414  0.00976
5  0  1  -6.536  -1.441  0.5547  0.02337  -0.02189  -0.04044
5  1  0  -4.757  -0.5542  0.7867  -0.06232  0.01355  0.12
5  1  1  1.62  5.924  -1.129  0.04599  -0.02074  0.01662
5  2  0  -0.5894  -7.488  0.1893  -0.02916  0.01402  -0.03787
5  2  1  -0.1954  -6.301  -0.136  -0.03644  0.002644  0.01002
6  0  0  -2.867  -3.772  0.01676  0.02197  0.02247  0.02965
6  0  1  -2.679  1.249  0.0788  -0.052  0.004838  -0.04389
6  1  0  6.52  -0.9177  -0.2743  0.006274  0.01515  -0.01233
6  1  1  -2.077  -3.495  0.3561  0.03172  0.006269  -0.06865
6  2  0  1.756  3.598  -0.001476  -0.07214  -0.03572  0.04925
6  2  1  -2.434  1.198  0.0483  0.01003  0.01489  -0.04708
7  0  0  -2.493  1.326  -0.1904  0.06132  -0.006681  0.03289
7  0  1  0.09195  -1.505  -0.2369  -0.0516  -0.005757  0.03197
7  1  0  -0.2003  1.712  0.3812  -0.03646  0.003178  0.03558
7  1  1  -4.023  4.926  -0.08782  0.01399  -0.01869  -0.03536
7  2  0  2.648  -2.243  0.03141  -0.001841  -0.1096  -0.01312
7  2  1  -4.17  -1.012  -0.4395  0.04117  -0.03548  -0.00921
