0  0  0  -3.185  1.467  0  0.273  -6.11  0.5184
0  0  1  6.648  -1.417  0  0.6145  1.626  2.176
0  1  0  2.057  1.511  0  -5.077  2.044  2.877
0  1  1  4.034  3.872  0  -1.652  1.399  1.473
0  2  0  1.917  5.376  0  1.554  -1.923  -2.468
0  2  1  2.64  1.1  0  -0.3066  0.1135  3.148
1  0  0  -3.62  3.516  0  -0.2136  1.024  2.325
1  0  1  -0.3347  3.716  0  -0.3816  2.321  0.854
1  1  0  2.371  -0.9788  0  1.932  0.6794  -1.048
1  1  1  0.8962  -2.182  0  1.099  2.463  -2.335
1  2  0  1.043  4.186  0  -0.7082  -0.1895  -1.753
1  2  1  3.015  7.525  0  -1.388  -2.228  2.028
2  0  0  -0.9044  -1.335  0  3.642  2.617  -0.8224
2  0  1  3.749  2.855  0  -1.536  -1.651  -1.771
2  1  0  -4.825  3.489  0  0.2713  -0.638  0.1904
2  1  1  -5.702  -1.039  0  -0.1314  -2.837  -2.007
2  2  0  -3.304  2.452  0  -0.3436  1.893  -0.8999
2  2  1  7.013  -3.512  0  -1.6  -1.275  -0.2256
3  0  0  -1.189  3.26  0  2.157  -1.003  -2.793
3  0  1  -5.573  0.7454  0  -1.628  -0.7322  -0.6554
3  1  0  3.53  3.463  0  -2.837  -2.162  -0.03076
3  1  1  3.129  -0.6696  0  -3.544  -0.5971  -2.384
3  2  0  -4.917  1.189  0  0.4353  1.661  -4.781
3  2  1  -0.006534  -2.777  0  0.2392  2.187  -0.9269
4  0  0  0.2363  1.773  0  3.113  -1.345  0.01122
4  0  1  1.865  -0.5296  0  -0.8647  4.034  -0.04184
4  1  0  -2.916  0.9518  0  0.584  1.234  -0.3985
4  1  1  0.09283  -1.501  0  -0.5323  1.335  1.639
4  2  0  -1.82  2.761  0  -0.7352  -4.891  -0.06153
4  2  1  1.557  -0.9847  0  2.481  0.8294  2.37
5  0  0  -2.125  2.801  0  -2.724  -0.1362  -2.868
5  0  1  6.699  -1.191  0  2.85  0.4294  -0.9771
5  1  0  4.002  -0.1302  0  0.1205  -0.7639  1.417
5  1  1  -4.056  -0.168  0  -0.04828  -1.051  0.4874
5  2  0  1.382  3.222  0  3.172  6.112  1.676
5  2  1  0.7957  2.152  0  1.443  1.152  1.932
6  0  0  -1.097  -2.7  0  -3.529  -2.193  2.21
6  0  1  0.9531  2.891  0  0.8971  1.651  -2.778
6  1  0  1.885  -2.637  0  -6.723  -2.804  1.258
6  1  1  1.709  -2.354  0  -0.01781  -1.374  1.17
6  2  0  0.04161  4.659  0  2.593  4.411  -0.8905
6  2  1  -0.786  -2.435  0  -0.7858  3.389  0.2183
7  0  0  -1.802  2.193  0  -1.219  -0.8962  0.7063
7  0  1  4.486  1.413  0  -0.8738  2.582  -0.2937
7  1  0  0.3884  -2.965  0  -2.944  0.2574  -0.2822
7  1  1  -1.46  -0.333  0  1.24  0.1592  2.117
7  2  0  -0.4043  -1.276  0  0.1678  0.1123  1.565
7  2  1  -3.301  -2.874  0  0.6179  -0.2638  2.402
