0  0  0  -0.8356  -5.165  0  -0.3101  -1.917  1.371
0  0  1  1.212  0.2771  0  -0.6546  -2.47  1.521
0  1  0  6.176  3.196  0  -0.07197  2.21  1.781
0  1  1  -0.5654  -2.124  0  -2.613  -1.308  -0.6023
0  2  0  -1.247  3.769  0  -0.579  0.08978  -0.9771
0  2  1  1.464  -1.819  0  -0.6047  -1.624  0.2874
1  0  0  2.762  2.086  0  1.001  -0.5328  -0.4257
1  0  1  -3.45  4.06  0  -0.8625  0.3938  -4.182
1  1  0  1.82  2.464  0  -1.748  0.6727  -1.276
1  1  1  0.4281  0.1413  0  -3.849  -2.417  2.534
1  2  0  0.9256  1.019  0  0.5085  -2.804  -0.9148
1  2  1  4.933  -2.938  0  -0.7883  -1.565  2.545
2  0  0  4.77  -0.3069  0  0.05676  0.1846  0.2244
2  0  1  -2.559  -0.4878  0  -1.566  -2.077  -2.555
2  1  0  0.1596  0.3981  0  -0.9107  -1.667  0.8151
2  1  1  -2.262  -3.437  0  -2.138  2.85  -0.6547
2  2  0  -5.817  -0.4638  0  1.611  0.2823  -0.5074
2  2  1  -2.962  -3.525  0  -1.754  2.033  1.337
3  0  0  3.902  3.575  0  -1.588  2.945  2.044
3  0  1  -2.755  -0.6241  0  -2.609  0.5495  -2.638
3  1  0  3.418  -4.404  0  0.9199  2.803  1.881
3  1  1  1.133  -4.541  0  -1.664  -0.7606  -2.809
3  2  0  -1.463  0.8253  0  -1.081  5.918  -0.8724
3  2  1  -3.068  -0.7273  0  -1.686  3.375  1.891
4  0  0  0.3923  -0.251  0  0.5134  -1.595  -1.65
4  0  1  3.305  -2.792  0  -2.503  1.445  0.2994
4  1  0  0.6239  1.24  0  -0.1594  -1.205  1.309
4  1  1  1.382  2.435  0  -1.071  -2.317  -4.413
4  2  0  -6.512  4.949  0  0.5577  2.139  -1.17
4  2  1  -0.8629  8.359  0  -3.229  -1.915  -1.023
5  0  0  -0.6026  3.832  0  1.559  -0.1167  0.3044
5  0  1  -2.652  -1.142  0  3.171  -0.8711  -2.972
5  1  0  1.422  4.083  0  0.5782  0.9415  0.3235
5  1  1  -0.9837  -3.778  0  2.331  -0.9612  0.5483
5  2  0  6.685  5.214  0  3.514  0.7533  -1.828
5  2  1  -2.23  -1.479  0  -0.5897  1.451  -1.315
6  0  0  -1.845  0.01326  0  -2.559  0.1974  -1.918
6  0  1  -2.369  1.525  0  2.998  1.991  -0.887
6  1  0  -5  0.04895  0  -1.702  0.2106  1.854
6  1  1  -2.537  0.806  0  -1.132  -1.151  0.06929
6  2  0  -1.289  -2.007  0  -0.2049  -1.495  -0.5742
6  2  1  -2.965  3.539  0  1.956  -1.767  1.466
7  0  0  -1.357  5.674  0  2.641  0.2522  -2.331
7  0  1  3.183  -2.282  0  0.7825  0.04582  -3.126
7  1  0  -2.513  -0.3575  0  1.889  0.3296  -2.02
7  1  1  0.5413  1.331  0  0.2278  -1.503  1.605
7  2  0  -0.5024  3.285  0  -0.6318  -2.23  1.07
7  2  1  3.584  0.5575  0  0.5378  1.633  -3.305
