0  0  0  0.6318  0.3662  0  -1.844  0.08556  4.782
0  0  1  -1.073  -5.054  0  0.1914  -2.058  -0.8181
0  1  0  -2.052  -0.6769  0  -1.431  0.4385  0.9549
0  1  1  -1.906  -3.512  0  0.06387  1.324  3.629
0  2  0  -0.5479  2.018  0  0.453  1.616  -3.931
0  2  1  -0.005278  0.8959  0  -1.104  -1.721  -0.6415
1  0  0  -0.6104  2.038  0  0.9845  -1.304  -0.6687
1  0  1  -0.06039  5.391  0  1.246  -2.43  -1.055
1  1  0  -1.015  -4.79  0  2.294  -2.86  -1.119
1  1  1  2.597  -3.858  0  0.7054  -2.153  -0.9363
1  2  0  -4.407  -0.1234  0  -0.323  -1.243  -0.7707
1  2  1  1.159  -0.6678  0  0.01559  1.893  1.363
2  0  0  2.859  1.641  0  -1.723  2.086  -1.163
2  0  1  4.455  0.5893  0  0.4991  0.8808  -2.56
2  1  0  2.998  1.552  0  1.648  1.346  -0.7057
2  1  1  -2.901  -4.291  0  3.058  1.275  0.04736
2  2  0  -0.3142  0.6781  0  -2.179  -0.6291  -2.686
2  2  1  0.8668  1.987  0  -1.523  -0.239  -0.6817
3  0  0  -1.905  0.3267  0  0.3763  0.2229  1.45
3  0  1  -0.8565  0.06844  0  -0.876  -2.961  1.676
3  1  0  -0.5556  1.473  0  1.58  1.58  1.236
3  1  1  5.122  -1.232  0  0.6995  2.175  2.118
3  2  0  -3.422  0.8797  0  0.3802  1.515  0.4251
3  2  1  0.5376  -3.393  0  2.877  -0.4467  0.4301
4  0  0  3.99  -0.6967  0  3.106  3.019  -2.492
4  0  1  -1  -0.9858  0  -1.838  -1.044  0.6042
4  1  0  -1.28  1.423  0  3.776  -0.4652  0.7013
4  1  1  -1.469  5.166  0  -2.406  -1.766  1.799
4  2  0  1.804  0.7025  0  1.649  0.2592  1.692
4  2  1  0.4923  4.65  0  -3.984  0.1361  -2.512
5  0  0  2.693  -2.637  0  -0.8113  -2.042  -1.984
5  0  1  -2.298  1.289  0  -1.861  -2.735  -0.8776
5  1  0  -0.7034  -2.647  0  -0.0537  2.273  -2.196
5  1  1  -1.519  0.7712  0  -1.131  -1.158  0.522
5  2  0  0.188  2.722  0  -0.6698  -1.264  -0.5292
5  2  1  -2.48  1.469  0  -1.373  -0.7086  -1.53
6  0  0  3.272  6.377  0  -0.5892  -0.2274  0.5202
6  0  1  -4.023  -1.115  0  -1.848  -0.857  1.891
6  1  0  -0.6447  -1.881  0  0.2429  4.469  -1.518
6  1  1  -7.085  1.455  0  2.181  -0.1536  -1.056
6  2  0  -2.618  -1.304  0  -1.141  -2.394  -0.03196
6  2  1  -1.336  -0.9042  0  0.3037  -0.5258  0.6148
7  0  0  -4.314  -4.981  0  -1.302  -1.9  2.302
7  0  1  -0.5852  -0.5314  0  2.064  0.6249  0.3061
7  1  0  -2.091  2.936  0  -0.4871  2.503  1.593
7  1  1  1.206  -0.9616  0  3.506  -0.5114  -0.5572
7  2  0  2.378  3.53  0  1.222  2.088  1.065
7  2  1  -1.301  -2.855  0  -3.147  3.151  2.777
