0  0  0  4.531  3.598  0.3103  -0.002738  0.01352  0.02451
0  0  1  -7.432  -1.173  0.2344  -0.04572  0.04023  -0.003722
0  1  0  -7.867  -1.855  -0.4532  0.01319  0.09251  -0.04732
0  1  1  -2.751  -1.492  -0.4794  1.52e-05  -0.01919  -0.04111
0  2  0  -6.97  -4.205  1.128  0.04918  0.06086  0.04341
0  2  1  -1.531  -0.7695  -0.1798  -0.03433  -0.05021  0.03159
1  0  0  -4.701  1.293  -0.2607  0.04569  0.03457  0.05437
1  0  1  -1.049  5.551  -0.1866  -0.04215  0.06262  0.009617
1  1  0  0.7866  8.196  -0.2943  0.03449  0.006307  -0.01
1  1  1  -0.9034  1.784  0.837  0.05036  0.002564  0.04866
1  2  0  -0.6126  -0.4236  0.4069  0.01915  -0.06572  0.03398
1  2  1  -0.6678  1.366  -0.0831  -0.0422  0.03115  0.005414
2  0  0  -1.706  2.496  0.6296  0.009305  -0.01717  -0.04039
2  0  1  -0.1796  -2.268  0.951  -0.01625  -0.01784  -0.02223
2  1  0  3.317  3.214  0.2166  0.06802  0.01466  0.02967
2  1  1  -1.002  2.547  0.746  0.02608  -0.007607  0.05108
2  2  0  6.817  -0.912  -0.2653  -0.04789  0.02967  -0.003571
2  2  1  2.712  -1.258  -0.7497  -0.03371  0.07212  -0.05838
3  0  0  -2.441  1.564  -0.06382  0.0129  0.02737  -0.01034
3  0  1  -4.095  2.453  0.9687  0.03728  -0.02559  -0.0117
3  1  0  4.371  -2.351  -0.6421  -0.03575  -0.007051  -0.008373
3  1  1  -0.8308  -1.12  0.03745  0.01563  0.02201  -0.04456
3  2  0  1.213  -0.24  -0.327  0.03782  -0.02313  -0.04938
3  2  1  -3.224  2.888  -0.02592  -0.04722  -0.008336  0.02048
4  0  0  3.365  -4.403  -0.1431  0.01731  0.02821  -0.03581
4  0  1  -0.8867  3.557  0.8655  -0.004042  0.004959  -0.01508
4  1  0  0.7802  1.105  0.3143  -0.03629  -0.05476  -0.002179
4  1  1  -1.046  2.754  0.3358  0.04292  0.0703  -0.02422
4  2  0  -4.628  4.67  -0.5999  -0.01228  0.01752  0.0402
4  2  1  -4.145  0.15  -0.208  -0.04028  0.02131  -0.01176
5  0  0  -3.509  -1.079  2.024  0.01359  -0.01019  0.04111
5  0  1  2.793  -1.703  -0.3749  -0.02778  -0.0258  -0.02883
5  1  0  0.851  0.1928  0.07946  -0.04951  0.01668  -0.03431
5  1  1  1.982  2.651  -0.4152  0.04846  -0.0503  0.02958
5  2  0  -0.9594  0.655  0.1322  -0.003755  0.01137  0.006943
5  2  1  2.244  0.5339  -0.9408  -0.05625  -0.0236  -0.01304
6  0  0  -0.1894  -3.53  -0.1503  -0.001292  -0.01589  -0.02601
6  0  1  0.2917  -0.5106  -0.1979  0.006209  0.02869  0.04087
6  1  0  -1.033  -5.474  0.524  -0.02517  -0.02913  -0.03374
6  1  1  -1.741  1.453  0.5257  0.05518  0.03589  -0.03098
6  2  0  -3.072  -3.917  -0.02181  0.01208  0.01259  0.01339
6  2  1  6.997  5.448  0.2881  0.02383  -0.03548  -0.02121
7  0  0  3.355  -2.122  -0.6319  -0.0303  0.02483  0.02795
7  0  1  0.9297  0.2469  -0.8464  0.006183  0.03624  0.03147
7  1  0  -1.311  -0.9723  0.04338  0.03553  -0.01919  0.007563
7  1  1  0.1972  -2.087  -0.1773  -0.01279  0.01984  -0.01981
7  2  0  0.2478  -4.082  0.3903  -0.0078  -0.01154  0.05317
7  2  1  4.75  1.638  0.5016  -0.006193  0.02254  0.002277
