0  0  0  2.083  1.346  0  2.621  -1.632  -1.462
0  0  1  0.9018  -0.8441  0  1.898  -1.246  1.318
0  1  0  0.1137  2.699  0  0.6342  -2.55  0.2409
0  1  1  0.7914  -0.8846  0  3.704  4.484  -1.734
0  2  0  -0.03046  1.333  0  2.244  -0.9653  0.7777
0  2  1  0.3913  -5.074  0  -0.6447  -2.407  -0.3903
1  0  0  -3.747  9.542  0  -0.9488  -0.5137  3.863
1  0  1  -0.7404  1.41  0  0.189  -1.902  -2.399
1  1  0  -4.281  -1.159  0  -5.085  -0.9702  -2.398
1  1  1  -2.186  1.561  0  -4.279  0.7623  3.437
1  2  0  -1.036  -0.2402  0  3.738  -0.9183  0.2913
1  2  1  0.8871  -1.336  0  0.3149  -2.536  -2.471
2  0  0  -1.353  -1.004  0  2.894  0.01706  -3.076
2  0  1  1.711  0.5188  0  -4.41  -0.917  4.053
2  1  0  1.745  -0.1145  0  0.209  0.3768  -0.4137
2  1  1  1.806  -0.4665  0  1.759  -1.801  -1.379
2  2  0  -1.307  3.209  0  -1.056  0.01081  -0.7554
2  2  1  -7.109  -3.051  0  0.4657  0.7687  -1.02
3  0  0  3.233  -2.815  0  0.5658  -3.959  0.1949
3  0  1  2.81  2.839  0  -2.322  -1.186  1.172
3  1  0  2.514  -2.481  0  -1.639  -0.9988  0.05528
3  1  1  -1.017  1.601  0  3.957  2.044  3.913
3  2  0  0.2065  1.405  0  -1.038  1.385  -3.285
3  2  1  -2.556  -3.46  0  -5.266  0.5123  0.844
4  0  0  -4.401  4.175  0  -0.3094  0.3088  0.4379
4  0  1  0.2024  -1.356  0  -0.1498  1.547  2.1
4  1  0  3.974  1.518  0  0.07256  3.454  -2.396
4  1  1  0.9543  -0.1909  0  -0.2581  2.215  2.913
4  2  0  1.209  -0.8342  0  -0.7655  -0.07801  -0.6671
4  2  1  -2.073  1.032  0  -0.4359  -1.527  -4.447
5  0  0  0.6776  9.32  0  2.838  0.9259  0.8316
5  0  1  2.743  1.944  0  0.5967  1.435  1.878
5  1  0  -0.5822  -1.191  0  -2.225  -0.8057  2.967
5  1  1  2.666  2.278  0  -0.01496  0.4038  -0.6854
5  2  0  -1.939  4.475  0  2.756  -0.6163  -1.144
5  2  1  0.6513  -0.9725  0  0.9637  -0.6246  -0.8375
6  0  0  5.007  1.813  0  2.112  -1.871  2.913
6  0  1  -1.43  2.083  0  0.405  0.6765  1.224
6  1  0  -1.694  6.036  0  -1.38  2.911  -3.876
6  1  1  0.9419  -3.434  0  1.022  -2.314  2.015
6  2  0  -1.197  3.341  0  0.2089  1.76  -4.685
6  2  1  3.235  6.328  0  2.414  0.7175  0.08511
7  0  0  -0.1488  -6.385  0  3.036  4.342  0.02098
7  0  1  1.806  2.149  0  -0.5581  0.6553  -2.217
7  1  0  -2.782  -2.26  0  -1.505  -0.1432  -2.907
7  1  1  11.19  1.682  0  0.6107  2.31  -3.783
7  2  0  5.137  0.2018  0  -0.3392  -0.7597  1.004
7  2  1  -2.635  2.434  0  -0.4417  -1.083  2.814
