0  0  0  4.219  3.187  -0.1256  0.01625  0.05373  -0.03766
0  0  1  4.265  5.069  -0.3036  0.0938  0.06432  0.02178
0  1  0  -0.03416  -1.108  0.1224  0.01394  0.0005551  0.01726
0  1  1  4.893  0.8284  0.3358  -0.04611  -0.0588  -0.02347
0  2  0  1.267  -0.2398  0.5727  -0.02537  -0.05169  -0.01047
0  2  1  -2.698  -4.106  0.3319  -0.002045  -0.02434  -0.0166
1  0  0  1.076  -1.081  -0.6648  -0.07543  0.02038  -0.01673
1  0  1  1.555  -2.096  -0.6517  0.04453  0.001143  0.02551
1  1  0  0.03267  -4.883  -1.355  0.01787  0.01255  0.02273
1  1  1  -0.7771  -3.11  -0.03556  -0.04131  0.01578  -0.02581
1  2  0  1.268  4.594  -0.2071  0.0262  0.009018  0.01221
1  2  1  -0.09969  2.329  0.3302  0.03848  -0.01958  0.06424
2  0  0  1.664  -4.766  0.7623  0.01055  -0.05  0.05748
2  0  1  3.102  -0.2411  -0.133  0.006521  -0.02495  0.06116
2  1  0  2.323  0.79  0.3557  -0.03524  -0.008588  -0.01922
2  1  1  3.12  -3.688  -0.3951  -0.01552  -0.03668  0.0002529
2  2  0  3.274  1.929  0.2119  -0.008308  -0.03005  0.002615
2  2  1  -5.093  -0.3986  -0.1634  0.01824  -0.02469  -0.01897
3  0  0  2.451  7.132  -0.9093  -0.02447  0.01473  0.01123
3  0  1  -0.4949  -1.206  0.617  0.01608  0.03184  0.02669
3  1  0  1.702  1.014  0.1482  -0.003089  0.001813  0.007239
3  1  1  2.581  -4.703  1.05  0.004849  -0.02148  0.02594
3  2  0  -3.873  8.259  -0.4534  0.01324  -0.03497  -0.03452
3  2  1  -3.141  1.371  -0.8686  -0.01074  0.01549  0.05619
4  0  0  -2.592  2.602  0.6292  -0.006055  -0.02828  -0.008873
4  0  1  0.2097  0.3893  -0.7557  0.06516  0.01242  0.04352
4  1  0  -3.705  -0.6681  -0.07871  0.04952  -0.02917  0.03032
4  1  1  -3.082  0.8713  -0.268  -7.211e-05  -0.07259  0.002053
4  2  0  2.758  -4.67  -0.6663  0.05858  -0.003577  0.0173
4  2  1  0.5977  -2.055  -0.3252  -0.03124  0.02082  -0.07623
5  0  0  -2.343  1.115  0.004595  0.02417  -0.009588  0.06501
5  0  1  -0.2769  3.372  0.02834  -0.01453  -0.03627  -0.06079
5  1  0  6.577  4.949  0.1055  0.006816  0.03608  -0.004226
5  1  1  5.14  1.219  -0.5181  -0.007068  -0.01999  0.05589
5  2  0  7.29  -2.068  0.08971  -0.0144  0.01136  0.05992
5  2  1  -0.4041  6.098  -0.004316  0.008817  -0.01133  -0.008006
6  0  0  -3.262  5.405  0.153  0.001935  0.04318  -0.01606
6  0  1  -2.216  3.25  0.1959  0.05632  0.03039  0.01304
6  1  0  -0.6646  -6.518  -0.3439  0.06663  -0.01054  -0.01146
6  1  1  1.287  0.9348  0.6774  -0.0137  0.02545  0.06157
6  2  0  0.7136  -7.794  0.1441  -0.0005948  0.02597  0.009872
6  2  1  1.45  -2.973  0.1002  0.009394  0.0363  0.03511
7  0  0  2.002  -2.591  0.2086  0.06671  -0.05183  0.009081
7  0  1  -2.052  3.778  -0.2077  -0.02322  -0.04734  0.006681
7  1  0  -0.2657  -0.4779  -0.9488  -0.05151  0.03651  0.03869
7  1  1  -4.156  -2.143  -0.5123  -0.006283  0.0001835  -0.013
7  2  0  0.1531  -2.855  1.175  0.01984  0.03268  -0.02231
7  2  1  1.754  -1.893  0.205  -0.004975  0.02599  -0.01718
