0  0  0  -3.721  -0.7667  -1.083  -0.001307  0.01569  0.01739
0  0  1  -3.776  0.7166  0.3464  0.01924  0.006731  -0.04217
0  1  0  -8.6  -3.324  -1.329  -0.02128  -0.1049  -0.03983
0  1  1  0.8502  4.44  0.6839  -0.005064  0.02088  0.04054
0  2  0  3.268  2.585  -0.403  -0.03364  -0.01634  0.05556
0  2  1  3.806  -2.005  -0.4304  -0.01213  -0.01684  0.0202
1  0  0  -0.7411  -1.019  0.4838  0.02289  -0.03227  0.05581
1  0  1  -8.737  -5.626  0.367  0.03152  -0.01406  -0.02122
1  1  0  -0.7933  2.46  1.136  -0.02341  0.05898  -0.07908
1  1  1  -1  0.07859  -0.05238  -0.05756  0.05362  0.03435
1  2  0  -1.653  -1.637  -0.6255  -0.01947  0.0479  0.01711
1  2  1  -5.966  -1.734  0.5766  0.002851  0.03629  0.04115
2  0  0  6.569  4.006  0.5899  -0.06158  -0.01798  0.0461
2  0  1  4.704  -1.97  -0.6426  0.01641  -0.006808  -0.009169
2  1  0  0.6422  0.1732  -0.3251  -0.05385  0.06394  -0.01658
2  1  1  -2.72  1.755  0.4924  -0.02062  0.0444  -0.04133
2  2  0  -0.9336  1.698  0.08206  0.03946  -0.01473  0.02146
2  2  1  0.9082  -1.196  -0.3889  -0.002191  0.01814  0.03172
3  0  0  -0.0185  0.189  0.1818  0.02715  0.04772  -0.001803
3  0  1  0.7604  3.471  0.5803  0.02875  0.06665  0.005313
3  1  0  1.339  -0.4128  -0.02497  0.0348  -0.03033  -0.06639
3  1  1  2.247  3.137  0.06777  0.009925  -0.01256  -0.01026
3  2  0  3.308  -4.101  -0.9125  -0.02221  0.005595  -0.02391
3  2  1  0.1506  1.289  -0.1346  0.01694  0.001909  0.004213
4  0  0  -1.508  -1.344  -0.3599  -0.01012  0.005844  0.05173
4  0  1  4.542  2.369  0.5723  -0.06186  0.01574  -0.03857
4  1  0  -0.336  -1.288  -0.3645  -0.02265  0.01249  0.03362
4  1  1  3.225  -4.164  0.1055  0.04344  -0.004774  0.02815
4  2  0  2.546  0.8226  -1.149  -0.001657  -0.03056  0.01331
4  2  1  2.411  -3.116  -0.8207  0.004398  0.03779  -0.04031
5  0  0  2.059  1.033  -0.0034  -0.04484  0.06512  -0.01383
5  0  1  0.1028  0.334  -0.5513  0.01113  -0.01604  0.02115
5  1  0  4.17  3.656  0.2912  0.03348  -0.03081  0.08494
5  1  1  2.545  0.7326  -0.3959  -0.00695  0.0279  -0.01933
5  2  0  -6.858  1.116  0.1065  0.04949  0.02452  -0.08675
5  2  1  -4.78  1.866  -0.3245  -0.04105  0.03355  0.0005648
6  0  0  -1.403  0.2956  -0.3821  0.01008  -0.01302  -0.06019
6  0  1  0.371  -2.873  -0.2531  0.01941  0.08631  -0.02612
6  1  0  3.883  0.5964  -0.305  0.00177  -0.04036  0.03177
6  1  1  0.2545  6.733  1.029  0.05342  -0.008014  -0.04403
6  2  0  -2.156  -4.372  -1.163  0.05697  -0.01309  0.001151
6  2  1  3.629  4.303  0.1058  0.01003  -0.0164  -0.04878
7  0  0  -4.5  -0.1533  -0.365  -0.0107  0.001892  0.03324
7  0  1  4.779  3.185  -0.4398  -0.0355  0.02296  0.05088
7  1  0  2.741  -0.8206  0.1782  -0.05927  0.01023  0.03204
7  1  1  0.6603  -3.329  0.03087  -0.0137  0.06788  -0.02278
7  2  0  1.662  -2.249  0.3232  -0.06988  -0.01087  0.008302
7  2  1  8.561  1.836  0.1705  -0.0361  -0.02147  -0.01961
