0  0  0  1.428  2.523  0  -0.1051  -2.461  -1.161
0  0  1  -0.9339  3.793  0  -1.837  1.296  0.9603
0  1  0  -0.02188  3.517  0  -3.026  -0.6278  1.028
0  1  1  3.922  -1.962  0  -1.376  2.529  -5.148
0  2  0  2.539  -0.6769  0  -0.8371  -1.315  1.07
0  2  1  0.7755  1.098  0  0.2559  1.335  -0.6075
1  0  0  1.517  1.258  0  0.1595  -1  0.4204
1  0  1  -3.906  0.8608  0  -3.145  0.538  0.3791
1  1  0  -4.278  2.034  0  -2.678  -1.793  2.321
1  1  1  -5.619  0.1277  0  2.218  -0.7878  -1.78
1  2  0  -3.99  2.001  0  3.901  -0.5689  2.312
1  2  1  2.003  1.487  0  2.458  2.284  2.076
2  0  0  4.78  3.282  0  -0.8114  -0.222  5.517
2  0  1  -6.22  -2.141  0  1.621  -3.083  1.185
2  1  0  0.835  1.689  0  -0.9877  2.152  -4.517
2  1  1  1.006  1.468  0  -1.004  -1.187  -2.236
2  2  0  -5.007  1.575  0  1.988  -2.879  -0.4046
2  2  1  -0.6443  0.8817  0  0.2781  -1.957  5.055
3  0  0  6.204  -2.921  0  1.32  -2.591  1.365
3  0  1  4.001  -1.503  0  -1.356  0.05312  -0.9298
3  1  0  0.937  4.657  0  3.127  1.358  -3.638
3  1  1  -2.273  -1.113  0  1.07  -0.2847  -1.818
3  2  0  -1.172  2.214  0  -1.005  0.1697  -5.228
3  2  1  0.1614  -2.773  0  2.579  2.277  6.703
4  0  0  1.873  -2.66  0  -0.1687  0.1571  -0.6522
4  0  1  -1.022  -2.52  0  -1.5  0.9603  -2.629
4  1  0  1.373  1.527  0  -3.635  1.429  2.984
4  1  1  -1.982  -4.756  0  -0.03801  -0.4331  0.9756
4  2  0  2.046  -0.9385  0  2.77  -2.422  -0.9387
4  2  1  0.6728  1.738  0  -0.1083  -0.2047  -0.6671
5  0  0  0.2177  -4.271  0  -0.6104  -1.056  0.2564
5  0  1  -6.356  0.2262  0  3.069  -1.028  1.115
5  1  0  -2.24  4.563  0  0.1838  0.8061  0.03742
5  1  1  6.156  -1.722  0  2.035  -0.09698  1.461
5  2  0  -0.8348  -1.964  0  -1.914  2.552  -1.556
5  2  1  -0.01485  -3.924  0  0.2611  1.875  -1.287
6  0  0  -0.4107  -2.212  0  -0.5147  1.725  0.2189
6  0  1  -1.216  1.357  0  -0.7484  -1.665  2.652
6  1  0  -1.131  1.661  0  0.693  -0.2802  0.8162
6  1  1  -2.262  4.3  0  0.7488  1.288  6.002
6  2  0  -1.709  1.275  0  2.903  5.212  0.6525
6  2  1  -3.459  -1.018  0  -0.6833  0.6416  -0.9046
7  0  0  0.7771  2.923  0  0.5866  0.1782  -0.5999
7  0  1  2.259  1.104  0  -0.2158  -0.648  2.394
7  1  0  1.331  -3.93  0  2.087  -0.5975  0.6416
7  1  1  -1.533  -0.3801  0  -0.4203  1.743  1.772
7  2  0  1.419  3.022  0  -2.257  1.108  1.203
7  2  1  1.53  -0.03763  0  -1.355  0.1761  1.027
