0  0  0  -3.765  -5.876  0.1627  -0.05372  0.004538  0.03504
0  0  1  -3.284  -6.783  -0.6657  0.01926  0.02044  -0.03554
0  1  0  2.294  -7.14  -0.327  0.007411  0.03086  -0.003151
0  1  1  2.945  -0.07243  -0.2344  -0.04054  0.007491  -0.03732
0  2  0  -3.9  -1.53  0.02191  -0.06542  -0.02523  0.04864
0  2  1  -0.04442  1.143  0.541  -0.02781  0.05698  -0.007573
1  0  0  -1.846  1.142  -1.225  0.005406  -0.03175  0.02906
1  0  1  0.4758  -5.535  0.7769  -0.03632  0.01651  -0.02468
1  1  0  1.054  -4.19  -0.577  0.03628  0.04608  0.0002674
1  1  1  1.708  3.133  0.6143  -0.02558  -0.0132  0.001999
1  2  0  0.7905  -6.571  -0.02873  0.08603  0.0124  0.05529
1  2  1  -3.875  0.7224  -0.0336  0.00927  -0.01896  0.007752
2  0  0  -2.257  -2.474  -0.1395  0.02707  0.00434  -0.004068
2  0  1  -1.278  0.07333  0.4583  0.01706  0.005276  -0.009095
2  1  0  2.972  -2.643  -0.6761  -0.005838  -0.01876  -0.09487
2  1  1  0.8448  -3.515  0.5367  -0.04248  -0.01841  0.03833
2  2  0  -0.4192  0.8199  0.4275  0.01358  -0.005938  0.04335
2  2  1  -1.143  -1.342  -0.4433  0.01799  0.03788  0.02506
3  0  0  2.865  0.6778  -0.5753  -0.01344  -0.006254  -0.01695
3  0  1  1.615  0.7905  0.02121  0.00139  -0.04014  -0.009755
3  1  0  -1.539  -3.62  -0.04818  -0.02199  -0.03799  0.003066
3  1  1  0.01711  4.288  0.2841  -0.0658  0.01833  -0.02397
3  2  0  1.463  3.16  -0.1488  -0.005346  0.03135  -0.04202
3  2  1  -6.892  2.881  -0.1279  0.01895  -0.02565  0.03288
4  0  0  -0.4146  -2.185  -0.07626  0.02212  -0.03396  0.01909
4  0  1  0.242  -2.142  0.05697  -0.0522  -0.003045  -0.00545
4  1  0  3.52  -3.577  -0.0436  -0.01638  -0.02723  -0.06292
4  1  1  -2.523  -2.939  -0.01317  -0.08738  -0.0241  -0.01049
4  2  0  -5.6  2.461  0.1714  -0.01515  0.003579  -0.03538
4  2  1  0.8777  -0.362  -0.5305  0.06064  0.03138  -0.006627
5  0  0  2.393  1.353  0.008948  0.05824  0.04287  -0.008852
5  0  1  3.025  2.085  0.0407  -0.02607  -0.01386  -0.03617
5  1  0  -2.474  1.912  0.04815  0.002362  0.03365  0.008684
5  1  1  -4.464  4.395  -0.542  0.009616  -0.01599  0.0486
5  2  0  2.474  -4.319  0.4935  -0.004539  -0.004788  -0.04064
5  2  1  0.4016  -1.42  0.08021  -0.02389  0.02116  -0.01706
6  0  0  -0.7075  -0.5288  0.8269  0.009987  0.005098  0.03369
6  0  1  3.065  1.724  0.3894  0.06062  0.02268  0.02092
6  1  0  1.869  3.51  0.007222  0.03238  -0.02017  -0.02278
6  1  1  2.89  3.373  -0.2009  0.005319  0.05822  -0.02097
6  2  0  -3.28  -2.148  0.1379  -0.01552  -0.008773  0.02783
6  2  1  0.5957  0.5767  0.8519  -0.04109  0.01666  -0.03091
7  0  0  -1.893  2.123  1.158  -0.009059  0.02972  0.02545
7  0  1  -3.048  -0.2192  0.5106  -0.06857  0.02368  0.01322
7  1  0  -4.921  -1.113  -0.9792  0.04333  -0.01698  -0.03755
7  1  1  2.691  0.1016  0.2803  0.03668  0.05593  0.008251
7  2  0  3.059  -2.99  0.3365  -0.02814  -0.03988  -0.01221
7  2  1  -2.54  0.7945  -0.4218  -0.008836  -0.008756  0.0006066
