0  0  0  1.339  -2.683  0.2738  -0.02338  0.01668  -0.04606
0  0  1  4.494  -1.808  -0.05317  -0.02568  0.01161  0.03666
0  1  0  -3.177  -1.89  0.2873  0.003081  -0.02514  0.05061
0  1  1  -0.6484  0.459  0.05383  -0.06185  -0.003661  0.01599
0  2  0  0.2264  0.7022  0.02481  0.009051  0.01325  0.03473
0  2  1  4.044  1.742  0.04533  -0.02735  0.02076  -0.01225
1  0  0  -3.547  -2.611  0.01384  0.06431  0.006946  0.03678
1  0  1  3.304  0.9236  -0.01973  0.01266  -0.003108  -0.02097
1  1  0  2.478  -2.519  -0.7744  -0.0008848  -0.006675  -0.03976
1  1  1  -1.654  -0.6455  -1.465  -0.01373  -0.02063  -0.009862
1  2  0  -1.327  -4.1  -0.2162  0.02048  -0.06592  0.002407
1  2  1  1.831  3.163  0.532  -0.001994  -0.01856  0.01162
2  0  0  1.66  0.178  -0.6763  0.02297  -0.04599  0.05177
2  0  1  -1.467  0.4346  0.01799  -0.0307  -0.01564  0.02038
2  1  0  -2.189  -0.517  -1.217  0.0674  0.05107  -0.0317
2  1  1  2.966  3.613  0.315  -0.05673  0.005278  0.03908
2  2  0  -7.68  -4.974  -0.08681  -0.009141  -0.04651  0.06041
2  2  1  3.514  6.113  0.1903  0.06447  0.009483  0.007451
3  0  0  2.667  -1.201  0.1274  0.02906  0.01674  -0.07934
3  0  1  -2.231  -0.007376  -0.03357  -0.04245  -0.02588  -0.008183
3  1  0  0.6219  -1.664  0.8588  -0.04514  -0.0204  0.003884
3  1  1  2.419  0.5074  -0.3684  -0.006182  0.0287  -0.01633
3  2  0  -0.4586  3.083  -0.1438  0.03126  -0.04032  0.005565
3  2  1  -6.441  3.63  0.4285  -0.03039  -0.02074  0.01463
4  0  0  1.167  0.5261  -0.05153  -0.0408  0.03922  -0.03252
4  0  1  -0.3651  -3.146  0.3111  0.01394  -0.04565  0.02507
4  1  0  1.364  0.7938  0.5829  -0.00909  -0.004841  -0.005879
4  1  1  0.3084  1.565  0.5226  -0.001255  -0.03201  0.0531
4  2  0  -0.5274  2.805  0.6077  0.02726  -0.003  -0.02275
4  2  1  2.203  -1.863  -0.007727  -0.04609  0.07034  -0.003888
5  0  0  2.119  1.853  0.1282  -0.04614  0.009167  -0.04363
5  0  1  -3.179  3.549  0.2279  -0.005964  0.001641  0.03377
5  1  0  -0.4727  -2.351  -0.01729  0.05545  -0.007961  0.01395
5  1  1  -4.826  -5.572  0.5021  -0.05336  0.06546  -0.03746
5  2  0  -1.217  1.817  0.9019  0.02168  -0.02602  0.03745
5  2  1  0.6481  -2.992  -0.5365  0.05518  -0.01706  -0.05164
6  0  0  -3.31  -3.753  0.04588  -0.01688  0.007929  -0.01807
6  0  1  -2.613  -1.626  -0.4652  -0.03079  -0.04904  -0.04704
6  1  0  1.855  -0.1275  0.164  0.05173  0.06983  0.0363
6  1  1  -2.891  -3.82  1.121  0.01679  -0.04855  -0.008438
6  2  0  7.503  4.37  0.6178  -0.04093  0.01406  -0.009591
6  2  1  -5.163  -4.49  -0.5102  -0.06379  -0.0471  -0.01159
7  0  0  2.511  2.087  -0.4076  -0.07543  0.002003  0.02924
7  0  1  0.9889  -3.577  -0.5217  -0.03318  -0.03668  -0.03677
7  1  0  -1.525  3.987  -1.34  -0.03591  0.04739  0.01622
7  1  1  6.118  0.6294  -0.8468  0.03109  0.05738  0.01453
7  2  0  -0.9447  3.397  -0.09334  -0.009861  0.04901  0.03976
7  2  1  3.175  -1.052  0.5743  -0.02149  0.0009114  0.01551
