0  0  0  3.804  -0.1006  0  0.09736  -3.11  0.6087
0  0  1  -0.4863  -0.1647  0  2.35  1.312  0.5502
0  1  0  0.7278  -2.284  0  -1.016  -1.311  -1.376
0  1  1  -1.688  0.4431  0  -3.297  -4.389  2.972
0  2  0  0.9229  -1.586  0  1.238  2.635  -1.901
0  2  1  -4.934  -5.601  0  2.624  -0.5306  1.382
1  0  0  1.599  2.424  0  -1.313  -0.8448  -0.4481
1  0  1  4.809  0.4958  0  6.778  -2.132  1.046
1  1  0  -2.433  -2.569  0  -2.522  3.285  1.846
1  1  1  -0.9318  -1.675  0  0.3991  0.547  -0.004785
1  2  0  -6.238  -4.883  0  2.801  -3.878  1.675
1  2  1  4.059  -0.6565  0  -4.954  -1.852  1.11
2  0  0  1.919  -2.308  0  -1.587  -0.7  0.1819
2  0  1  -0.867  1.46  0  -1.052  -1.7  1.074
2  1  0  1.799  -2.018  0  -0.04504  0.5322  0.7718
2  1  1  2.062  0.1389  0  -1.166  0.9055  -3.518
2  2  0  -1.934  0.498  0  0.7339  1.308  -0.6978
2  2  1  -0.5935  -1.032  0  -0.7534  1.227  -0.7022
3  0  0  -1.768  -0.04689  0  -1.457  1.209  1.182
3  0  1  3.568  -4.802  0  -0.07971  3.682  2.231
3  1  0  4.741  0.3791  0  2.061  1.271  -0.3876
3  1  1  -1.864  0.1158  0  3.027  6.512  -1.417
3  2  0  -3.06  3.638  0  3.341  1.098  3.739
3  2  1  -0.17  -0.4108  0  2.118  1.333  1.994
4  0  0  4.343  7.373  0  2.192  0.6743  -0.5154
4  0  1  4.395  1.495  0  0.6421  1.348  0.1867
4  1  0  1.962  2.793  0  -0.1395  -0.3981  -2.081
4  1  1  -3.898  2.382  0  0.1612  0.8596  -1.27
4  2  0  4.144  3.589  0  2.453  -1.492  4.939
4  2  1  -0.8521  -1.15  0  -2.348  -1.336  -2.777
5  0  0  -0.2706  2.772  0  0.5087  1.972  -1.398
5  0  1  1.49  -3.294  0  0.6055  -1.594  -2.414
5  1  0  2.747  -4.304  0  2.58  -0.375  0.7577
5  1  1  -0.7584  -0.8584  0  1.956  -4.494  -0.831
5  2  0  -1.394  -0.6195  0  1.608  -3.001  -0.6473
5  2  1  -7.186  0.06584  0  -1.176  -0.04949  2.589
6  0  0  -0.9058  -0.7617  0  -0.3023  -0.505  -0.6003
6  0  1  -2.383  -4.802  0  -0.09516  1.218  -1.747
6  1  0  -8.272  1.844  0  -0.3974  -1.366  1.324
6  1  1  -0.1124  5.119  0  1.49  5.349  -0.4559
6  2  0  4.476  0.9082  0  -0.02449  1.304  -0.3687
6  2  1  -7.283  -6.754  0  -2.638  -2.548  0.7008
7  0  0  4.107  -6.566  0  1.188  -0.5015  1.053
7  0  1  0.06369  -4.053  0  -2.495  2.963  -1.342
7  1  0  -3.519  -0.3565  0  0.672  1.797  0.233
7  1  1  -4.014  -2.187  0  4.331  -1.736  -1.874
7  2  0  5.595  0.1477  0  -0.1054  2.174  -3.184
7  2  1  1.062  2.605  0  -2.375  1.524  1.024
