0  0  0  -3.185  1.467  -0.2491  0.004766  -0.1067  0.009049
0  0  1  6.648  -1.417  -0.00725  0.01073  0.02838  0.03799
0  1  0  2.057  1.511  -0.5392  -0.08862  0.03567  0.05021
0  1  1  4.034  3.872  0.8921  -0.02884  0.02442  0.0257
0  2  0  1.917  5.376  -0.7369  0.02713  -0.03356  -0.04308
0  2  1  2.64  1.1  -0.2306  -0.005351  0.001982  0.05495
1  0  0  -3.62  3.516  -0.7115  -0.003729  0.01788  0.04058
1  0  1  -0.3347  3.716  -0.2233  -0.006661  0.04052  0.01491
1  1  0  2.371  -0.9788  0.2681  0.03372  0.01186  -0.01828
1  1  1  0.8962  -2.182  0.4139  0.01919  0.043  -0.04075
1  2  0  1.043  4.186  -0.08017  -0.01236  -0.003308  -0.03061
1  2  1  3.015  7.525  -0.4756  -0.02423  -0.03889  0.03541
2  0  0  -0.9044  -1.335  -0.1939  0.06356  0.04567  -0.01436
2  0  1  3.749  2.855  -0.008799  -0.02682  -0.02881  -0.03091
2  1  0  -4.825  3.489  0.225  0.004736  -0.01114  0.003323
2  1  1  -5.702  -1.039  0.5527  -0.002293  -0.04951  -0.03504
2  2  0  -3.304  2.452  0.7646  -0.005998  0.03304  -0.01571
2  2  1  7.013  -3.512  0.4686  -0.02794  -0.02225  -0.003937
3  0  0  -1.189  3.26  -0.6334  0.03765  -0.01752  -0.04875
3  0  1  -5.573  0.7454  0.5668  -0.02842  -0.01278  -0.01144
3  1  0  3.53  3.463  -0.906  -0.04952  -0.03774  -0.000537
3  1  1  3.129  -0.6696  0.6368  -0.06187  -0.01042  -0.04161
3  2  0  -4.917  1.189  0.1793  0.007598  0.029  -0.08346
3  2  1  -0.006534  -2.777  0.2733  0.004176  0.03817  -0.01618
4  0  0  0.2363  1.773  0.2682  0.05435  -0.02348  0.0001958
4  0  1  1.865  -0.5296  0.1094  -0.01509  0.07042  -0.0007303
4  1  0  -2.916  0.9518  -0.3075  0.01019  0.02153  -0.006956
4  1  1  0.09283  -1.501  -0.3912  -0.009292  0.02331  0.02861
4  2  0  -1.82  2.761  -0.5102  -0.01283  -0.08537  -0.001074
4  2  1  1.557  -0.9847  -0.1326  0.04331  0.01448  0.04137
5  0  0  -2.125  2.801  -0.5713  -0.04755  -0.002377  -0.05007
5  0  1  6.699  -1.191  0.3624  0.04974  0.007495  -0.01706
5  1  0  4.002  -0.1302  0.2033  0.002104  -0.01333  0.02474
5  1  1  -4.056  -0.168  0.2639  -0.0008427  -0.01835  0.008507
5  2  0  1.382  3.222  -0.05364  0.05536  0.1067  0.02925
5  2  1  0.7957  2.152  -0.4749  0.02519  0.02012  0.03373
6  0  0  -1.097  -2.7  0.6064  -0.0616  -0.03827  0.03858
6  0  1  0.9531  2.891  0.1581  0.01566  0.02881  -0.04849
6  1  0  1.885  -2.637  -0.7687  -0.1173  -0.04895  0.02196
6  1  1  1.709  -2.354  -0.1805  -0.0003108  -0.02398  0.02043
6  2  0  0.04161  4.659  0.2873  0.04526  0.077  -0.01554
6  2  1  -0.786  -2.435  -0.6838  -0.01372  0.05915  0.003811
7  0  0  -1.802  2.193  -1.235  -0.02128  -0.01564  0.01233
7  0  1  4.486  1.413  0.08608  -0.01525  0.04507  -0.005127
7  1  0  0.3884  -2.965  0.05505  -0.05139  0.004493  -0.004926
7  1  1  -1.46  -0.333  0.2341  0.02164  0.002778  0.03696
7  2  0  -0.4043  -1.276  0.9856  0.002929  0.001961  0.02731
7  2  1  -3.301  -2.874  0.4013  0.01079  -0.004604  0.04192
