0  0  0  -3.522  5.173  0.1831  0.033  0.05387  0.02189
0  0  1  1.424  -2.035  -0.5834  0.02869  0.04324  0.04294
0  1  0  1.176  -0.66  -0.399  -0.04999  0.05085  0.0322
0  1  1  -0.9337  -0.4917  0.1097  -0.005738  -0.0527  -0.04218
0  2  0  -4.477  -4.651  -0.7971  -0.02449  0.0399  -0.01501
0  2  1  -1.977  5.26  0.1477  -0.007832  0.03504  -0.01876
1  0  0  -3.498  1.575  -0.4694  -0.07271  -0.02107  -0.03157
1  0  1  -0.8769  1.612  0.03478  0.0703  0.0566  -0.01723
1  1  0  2.115  2.786  -0.2319  -0.03037  0.01558  0.003061
1  1  1  -3.874  0.974  0.5636  -0.0237  0.03332  -0.0002581
1  2  0  5.028  3.066  -0.3314  0.004321  -0.03534  -0.01384
1  2  1  -4.57  -4.493  0.6388  -0.003938  -0.03318  -0.02205
2  0  0  -1.152  -1.298  0.02329  -0.01231  0.04291  0.005465
2  0  1  4.098  0.6824  -0.006296  -0.06305  -0.04011  0.04467
2  1  0  2.001  0.8918  0.2377  0.01346  0.0253  -0.06754
2  1  1  2.553  1.613  0.099  0.01141  0.01944  -0.000542
2  2  0  -1.549  -4.099  0.4409  0.005104  0.004082  -0.0453
2  2  1  1.092  2.09  -0.4259  -0.004993  -0.0166  -0.05473
3  0  0  1.615  -0.3585  -0.9539  -0.03002  -0.056  0.0526
3  0  1  -1.281  1.353  0.1782  -0.01076  0.04154  0.02898
3  1  0  -2.578  -3.764  0.1802  0.01659  0.02947  0.01198
3  1  1  4.014  -0.3264  0.05858  -0.0136  0.01539  -0.009508
3  2  0  6.053  -2.381  -0.06235  -0.004805  0.02586  0.02117
3  2  1  -1.648  2.682  -0.2374  0.0369  -0.0259  -0.02048
4  0  0  -0.3475  -5.718  -0.08862  0.008825  0.04063  -0.03745
4  0  1  1.521  -7.121  0.1561  0.02648  0.03368  -0.046
4  1  0  -0.8729  8.776  -0.1211  -0.03555  -0.05831  -0.009353
4  1  1  -1.427  5.537  0.3161  0.005294  0.05283  -0.01262
4  2  0  1.409  2.374  -0.5539  -0.08972  -0.06729  -0.04312
4  2  1  2.318  4.628  0.9407  0.03744  0.02275  0.001692
5  0  0  5.755  1.612  1.254  0.01787  0.02648  0.00168
5  0  1  3.354  -2.499  -0.1021  0.06094  0.0411  -0.07763
5  1  0  -0.9229  -0.6557  -0.01521  0.01163  0.01185  -0.02893
5  1  1  1.95  0.215  0.7374  0.02591  0.01611  -0.03544
5  2  0  1.768  -3.766  0.7942  0.009478  0.04851  -0.04134
5  2  1  -3.419  6.681  0.9073  0.0149  -0.03953  0.01071
6  0  0  -2.547  1.564  0.1518  0.02254  -0.02046  0.005233
6  0  1  3.251  0.2143  -0.7971  -0.007393  -0.06032  0.001662
6  1  0  -0.5443  6.469  -0.546  0.01751  -0.033  -0.04268
6  1  1  -1.678  -1.574  0.3848  0.02593  0.05304  0.001321
6  2  0  2.68  6.781  1.228  0.03004  -0.02159  -0.02464
6  2  1  3.245  4.808  1.122  -0.01231  -0.03506  -0.05179
7  0  0  -0.4054  1.374  0.2434  0.01075  -0.05275  -0.008198
7  0  1  0.1163  2.158  -0.2233  0.04959  0.02023  -0.03809
7  1  0  1.295  -0.4031  0.6598  0.04279  -0.05639  -0.01817
7  1  1  -3.301  -1.105  -0.02239  0.04003  -0.03761  -0.03423
7  2  0  -3.394  -0.2136  0.4868  -0.01331  -0.01504  -0.002408
7  2  1  -3.279  -0.09075  -0.1856  0.0721  0.02883  0.01949
