0  0  0  -4.232  1.46  0  1.506  2.993  0.938
0  0  1  0.6776  -1.313  0  -2.742  2.601  -2.119
0  1  0  0.8218  2.05  0  4.563  0.8004  1.369
0  1  1  5.154  2.934  0  1.899  1.729  -1.244
0  2  0  -0.405  0.252  0  -1.303  3.288  -1.249
0  2  1  -4.295  -0.8025  0  -0.7209  -1.139  1.118
1  0  0  0.04516  3.742  0  2.585  -2.879  1.15
1  0  1  1.89  -1.856  0  -3.262  1.74  -3.903
1  1  0  -3.757  0.5154  0  -3.398  2.923  2.436
1  1  1  -5.128  -0.8205  0  3.014  -2.862  -0.117
1  2  0  4.864  -1.567  0  -0.9301  0.9741  -0.1394
1  2  1  -0.2697  1.295  0  0.6297  -1.746  0.3291
2  0  0  1.131  -4.525  0  1.917  2.039  -2.304
2  0  1  2.118  3.804  0  2.08  -1.009  -1.8
2  1  0  -2.407  -1.302  0  0.6429  -5.227  -1.062
2  1  1  -1.194  -3.418  0  -0.6593  0.1247  -1.443
2  2  0  -0.4992  -2.067  0  -0.8993  -1.341  -1.038
2  2  1  -3.639  -2.345  0  -2.492  0.2555  1.484
3  0  0  2.82  -0.2844  0  -0.1836  -1.38  -1.5
3  0  1  -1.213  1.237  0  0.9347  -0.6199  -0.8975
3  1  0  -0.2451  0.8279  0  0.5737  -0.941  2.727
3  1  1  0.3307  0.01423  0  0.4359  0.7918  -3.964
3  2  0  -2.495  1.596  0  0.4606  -3.084  -0.9457
3  2  1  -8.652  -2.467  0  -1.615  -1.317  0.466
4  0  0  -1.516  -0.1045  0  -3.639  -0.8001  0.9109
4  0  1  -2.18  2.056  0  1.934  -0.6103  -0.6361
4  1  0  1.964  6.31  0  -1.009  1.376  -0.3387
4  1  1  -1.82  -0.3614  0  -1.188  2.758  -1.385
4  2  0  1.153  -2.923  0  2.603  1.128  0.2393
4  2  1  0.3868  -0.8563  0  -0.9241  4.903  -0.8936
5  0  0  5.05  10.92  0  2.759  3.461  -1.269
5  0  1  0.8994  3.197  0  -0.8087  -0.5907  -1.856
5  1  0  -2.639  2.681  0  2.364  -1.024  -5.218
5  1  1  0.0874  -0.9295  0  -2.153  -0.02938  3.87
5  2  0  -0.4955  0.2119  0  2.631  1.97  -2.813
5  2  1  -4.192  -1.007  0  -1.246  -2.427  -4.093
6  0  0  -1.666  1.571  0  -0.1169  1.936  -0.9813
6  0  1  1.385  -0.4371  0  -0.06397  -1.714  1.111
6  1  0  -0.511  -2.037  0  -1.488  -3.548  -0.1446
6  1  1  -1.141  -4.564  0  -1.954  -3.244  0.3407
6  2  0  2.05  1.717  0  -0.1739  1.316  -0.1259
6  2  1  -4.307  -3.298  0  -4.374  -2.404  0.5917
7  0  0  2.855  -3.154  0  2.13  -0.1814  5.91e-05
7  0  1  -1.307  1.143  0  -1.887  -1.983  0.2057
7  1  0  0.4378  1.593  0  -1.253  -0.07273  1.633
7  1  1  -1.103  -3.604  0  -0.251  -0.3168  2.074
7  2  0  0.6303  -0.2005  0  -2.033  -2.663  -2.507
7  2  1  2.633  -0.7158  0  0.6932  0.9901  1.894
