0  0  0  -2.401  -5.632  0  3.449  -2.353  2.051
0  0  1  -7.409  0.2409  0  2.549  -1.905  -1.326
0  1  0  1.282  -4.24  0  -0.8207  -2.114  1.342
0  1  1  -0.9679  5.3  0  1.059  -0.2869  1.642
0  2  0  -3.328  -0.7048  0  -0.9102  -0.631  -2.053
0  2  1  3.103  4.925  0  -1.095  -2.772  1.249
1  0  0  2.949  3.67  0  1.963  2.809  -0.7185
1  0  1  -0.7283  2.692  0  -5.583  -0.869  -2.668
1  1  0  -0.09529  3.043  0  -0.6137  -2.185  1.918
1  1  1  0.5076  3.404  0  2.038  -0.5115  -0.2441
1  2  0  1.081  5.817  0  2.132  -0.4759  -0.1434
1  2  1  2.788  3.801  0  -1.047  1.525  0.2647
2  0  0  2.814  1.724  0  0.06865  -2.156  0.7248
2  0  1  2.958  0.711  0  -1.893  1.643  -0.9447
2  1  0  8.169  -3.153  0  -2.658  0.662  -0.06473
2  1  1  -2.168  0.2167  0  3.496  -0.6941  3.182
2  2  0  -0.3968  -1.497  0  -3.73  3.147  1.098
2  2  1  1.088  2.069  0  -0.9024  -0.03934  -1.11
3  0  0  -2.778  -1.894  0  2.799  -1.523  -0.2171
3  0  1  0.7208  1.477  0  -0.04319  7.664  -0.7902
3  1  0  -0.9132  -0.3345  0  0.1193  -2.009  2.685
3  1  1  0.6149  1.136  0  -0.06005  -0.8351  2.097
3  2  0  -0.2121  -1.613  0  -0.8284  -4.863  2.306
3  2  1  3.897  2.007  0  -1.464  2.511  -1.881
4  0  0  5.586  0.6011  0  2.257  1.956  0.594
4  0  1  -0.2228  -0.2045  0  -0.01671  0.233  0.6255
4  1  0  -2.579  4.077  0  1.068  1.46  -1.982
4  1  1  2.135  -1.129  0  0.4485  1.254  -2.172
4  2  0  0.9609  -3.436  0  -0.9584  0.8989  0.9245
4  2  1  0.6206  1.555  0  -2.248  -0.6384  2.111
5  0  0  -4.802  2.453  0  0.246  0.6525  -1.898
5  0  1  7.401  2.487  0  -1.178  1.836  -1.511
5  1  0  1.082  3.93  0  -3.641  0.5738  -1.114
5  1  1  -5.762  0.2466  0  1.895  -4.472  1.846
5  2  0  4.199  0.5348  0  -0.2323  1.969  0.7891
5  2  1  0.9369  0.1148  0  0.6586  -1.819  0.6859
6  0  0  2.353  3.746  0  0.3141  1.009  1.621
6  0  1  -2.446  2.673  0  -1.051  0.341  -0.824
6  1  0  -3.659  -2.735  0  -3.55  -1.906  -0.8935
6  1  1  -2.711  -2.795  0  1.711  1.171  0.195
6  2  0  4.174  -0.2512  0  -0.372  -4.049  2.249
6  2  1  -2.063  -1.482  0  0.8301  0.675  1.446
7  0  0  -0.025  -1.919  0  2.367  4.168  -2.137
7  0  1  2.091  -1.704  0  0.5839  0.9184  2.206
7  1  0  2.239  3.788  0  -2.845  0.6954  0.5834
7  1  1  -2.228  2.866  0  2.502  0.155  -0.06329
7  2  0  5.31  1.327  0  0.08299  -2.965  1.821
7  2  1  -0.2448  1.74  0  1.174  0.04917  0.6134
