0  0  0  0.6814  3.923  0  -1.095  -0.9054  -4.087
0  0  1  -1.684  -2.015  0  1.62  0.06628  -1.666
0  1  0  1.261  7.617  0  -0.3134  2.647  -3.56
0  1  1  0.1499  -2.352  0  -1.47  -2.751  -2.034
0  2  0  0.6988  -1.007  0  4.833  -2.716  1.665
0  2  1  -1.876  8.054  0  1.896  0.5238  3.327
1  0  0  -0.748  -2.647  0  0.6249  -3.721  -3.439
1  0  1  -2.17  3.208  0  2.527  -0.7925  -0.5615
1  1  0  -6.485  -2.523  0  2.461  -4.384  3.789
1  1  1  -2.401  5.787  0  -3.271  -1.429  2.601
1  2  0  1.916  2.436  0  -2.12  -1.087  -0.7702
1  2  1  -0.4839  -1.934  0  -0.2841  0.4902  -2.348
2  0  0  -0.2656  -0.2408  0  -1.66  -0.8024  1.014
2  0  1  -1.266  -3.571  0  -0.6408  -1.854  -1.538
2  1  0  -1.647  -0.09383  0  1.334  -0.02228  0.4067
2  1  1  2.784  -1.685  0  -2.931  2.622  4.096
2  2  0  1.989  7.275  0  -1.326  -1.865  -1.123
2  2  1  1.049  0.9818  0  3.794  -0.1527  -0.3588
3  0  0  3.592  -1.275  0  0.6481  0.9647  -1.292
3  0  1  4.82  3.06  0  0.0415  -0.2976  -2.762
3  1  0  2.316  1.751  0  2.015  -1.13  4.422
3  1  1  -0.2515  -2.677  0  0.1302  -0.2918  1.558
3  2  0  -0.7639  0.5998  0  1.748  3.034  3.065
3  2  1  -0.5827  -0.7891  0  -0.1635  0.00897  1.051
4  0  0  -3.846  2.473  0  -0.1375  1.035  1.152
4  0  1  -1.455  0.9068  0  -0.6445  2.256  -2.327
4  1  0  -0.4018  4.423  0  0.9685  -3.919  -0.4347
4  1  1  1.34  3.836  0  -0.188  -0.07164  -0.8704
4  2  0  3.437  -3.187  0  -1.027  -0.8346  -0.203
4  2  1  2.536  -4.772  0  -0.5265  0.8543  0.2219
5  0  0  -3.049  0.3374  0  1.156  4.745  -3.073
5  0  1  7.101  -0.8738  0  -2.381  -0.4384  0.6317
5  1  0  -1.656  -1.89  0  0.2662  -1.428  -0.911
5  1  1  2.133  0.8273  0  -1.745  -1.639  -0.2383
5  2  0  -4.76  1.227  0  -2.98  1.336  -0.8088
5  2  1  -1.376  -3.376  0  -3.374  -2.596  -2.459
6  0  0  0.9151  -0.2601  0  0.5656  1.158  -1.793
6  0  1  2.357  -0.5316  0  1.409  -1.068  0.2162
6  1  0  -4.236  0.5363  0  -2.675  0.5616  1.851
6  1  1  -3.535  2.735  0  0.8978  -2.138  -1.787
6  2  0  0.8404  -0.7834  0  3.242  -2.204  -1.925
6  2  1  3.735  1.579  0  0.7064  0.6425  -0.2395
7  0  0  3.326  -2.289  0  1.236  -0.03421  -3.028
7  0  1  1.489  0.4444  0  2.601  -0.5658  1.431
7  1  0  -6.967  -2.951  0  1.16  -1.509  -1.449
7  1  1  6.153  0.5536  0  2.293  0.3069  0.8649
7  2  0  -3.528  -0.02692  0  -0.8241  4.67  2.706
7  2  1  2.467  -2.621  0  -0.5064  -0.3514  0.3175
