0  0  0  -0.818  -1.45  0  -0.95  0.7701  -0.04007
0  0  1  -1.002  5.107  0  -0.9363  4.287  3.01
0  1  0  -3.981  1.49  0  2.581  -0.92  1.011
0  1  1  -5.815  1.52  0  -0.7302  0.4978  -2.671
0  2  0  5.673  -1.666  0  -0.2567  -2.814  -1.164
0  2  1  3.769  0.6499  0  -0.8906  -2.353  -0.7021
1  0  0  -0.1539  -0.5093  0  -3.113  -1.015  -1.291
1  0  1  -0.798  -3.278  0  2.005  -0.1415  -0.216
1  1  0  2.642  4.321  0  -2.801  -0.03231  -1.337
1  1  1  0.3966  -0.3564  0  0.9953  0.2462  -2.932
1  2  0  -0.006906  -0.2004  0  -1.485  0.2694  -1.269
1  2  1  -0.2508  3.396  0  -0.1533  3.891  -1.407
2  0  0  -1.621  1.425  0  1.902  -2.259  -2.051
2  0  1  0.399  -1.531  0  1.139  2.403  2.598
2  1  0  -1.838  1.492  0  -2.318  -1.458  2.387
2  1  1  -0.5947  0.526  0  -0.9614  -1.672  -0.1746
2  2  0  1.376  0.5597  0  -0.2792  -0.4613  -3.441
2  2  1  3.571  4.732  0  4.313  0.6721  0.4146
3  0  0  1.604  -1.089  0  -0.6662  -0.2087  0.1787
3  0  1  1.466  -1.766  0  -2.564  -0.6753  3.157
3  1  0  1.183  0.623  0  -2.804  1.786  -1.595
3  1  1  -1.067  2.981  0  -1.398  2.005  -0.114
3  2  0  3.457  0.1913  0  -0.6309  -1.978  2.277
3  2  1  -2.214  -1.415  0  -1.384  1.616  1.196
4  0  0  -1.674  1.308  0  1.756  2.01  -2.036
4  0  1  -1.336  0.1715  0  0.02987  1.1  1.369
4  1  0  3.144  -1.301  0  -1.348  -3.311  2.483
4  1  1  -3.717  -3.966  0  1.113  -3.831  0.7327
4  2  0  -2.667  -3.62  0  2.89  0.2355  -0.1622
4  2  1  0.3122  1.239  0  0.2387  -0.3543  -1.75
5  0  0  5.545  2.466  0  1.6  0.2323  -2.064
5  0  1  -4.701  3.233  0  3.743  1.04  0.7568
5  1  0  -1.25  -0.09061  0  -2.606  -0.9297  -1.431
5  1  1  -0.151  -7.567  0  -1.076  -0.7135  0.4579
5  2  0  3.831  -1.973  0  -0.1226  -0.03029  -1.511
5  2  1  -0.7392  -1.26  0  -1.21  -0.6283  1.695
6  0  0  1.877  0.3925  0  -0.1315  -1.945  -1.429
6  0  1  -0.09187  -0.2597  0  -2.874  0.9434  1.399
6  1  0  1.13  1.955  0  1.216  -3.362  0.08027
6  1  1  -2.22  -1.615  0  1.348  0.06809  2.48
6  2  0  3.55  -0.6772  0  1.271  -1.64  -0.1927
6  2  1  -3.44  0.2672  0  -3.508  -0.9974  -0.007723
7  0  0  3.017  1.574  0  -4.367  0.08332  0.2008
7  0  1  -1.281  1.36  0  0.1639  2.767  -0.2385
7  1  0  1.153  2.687  0  -1.885  -2.558  1.516
7  1  1  3.819  -6.933  0  -2.467  0.8122  -1.018
7  2  0  3.048  2.328  0  3.857  -3.057  0.4394
7  2  1  3.88  4.766  0  1.975  -0.9444  0.8441
