0  0  0  -2.73  -4.153  0  -0.9574  -0.4022  -0.6364
0  0  1  1.564  -0.7805  0  0.05517  -1.186  -1.886
0  1  0  0.3437  -0.3095  0  0.7607  -0.625  -3.03
0  1  1  -0.7732  -0.1751  0  1.027  -0.9468  1.994
0  2  0  1.953  3.386  0  -0.2389  -1.328  2
0  2  1  -3.55  4.259  0  -1.006  1.877  0.7295
1  0  0  -0.7738  -0.6801  0  -2.704  4.255  -1.384
1  0  1  0.3764  -0.4124  0  0.2742  2.03  0.6003
1  1  0  3.672  -4.563  0  -2.312  1.781  -0.3674
1  1  1  2.698  -0.976  0  -1.195  2.999  -0.7757
1  2  0  -3.224  -3.047  0  -1.016  0.4807  4.945
1  2  1  0.2454  0.01179  0  0.1111  -1.589  3.198
2  0  0  3.974  -2.484  0  0.7736  3.603  -1.35
2  0  1  -1.157  -1.862  0  3.238  1.146  2.933
2  1  0  0.3985  1.954  0  -0.7256  1.041  0.7718
2  1  1  0.005806  2.152  0  3.894  2.445  -0.5581
2  2  0  0.5045  -1.248  0  -3.459  0.9621  2.448
2  2  1  1.285  -4.783  0  -3.636  -2.168  0.9907
3  0  0  2.018  -2.216  0  -0.04935  -0.2079  -3.604
3  0  1  4.529  0.8105  0  -3.285  -0.1998  0.4157
3  1  0  1.021  4.069  0  1.123  -4.119  2.223
3  1  1  0.3177  2.924  0  -0.5546  0.6427  -0.1098
3  2  0  3.617  -2.678  0  -0.9399  1.113  1.575
3  2  1  7.208  4.962  0  -1.102  3.8  0.8382
4  0  0  3.441  3.444  0  1.694  0.7201  0.6616
4  0  1  -1.844  6.571  0  -2.4  -2.328  -1.467
4  1  0  -0.699  -1.223  0  -3.485  0.7571  0.03472
4  1  1  -2.626  -1.688  0  -0.6391  1.795  0.6933
4  2  0  -1.546  -0.1259  0  0.9663  1.033  0.003591
4  2  1  -5.216  -2.687  0  -1.542  -0.8151  -0.9362
5  0  0  2.417  4.269  0  -1.849  0.3523  -2.112
5  0  1  -5.478  -0.8421  0  1.03  -2.087  -1.203
5  1  0  3.459  -0.8411  0  1.219  -1.012  1.873
5  1  1  -1.801  -1.465  0  2.017  1.459  -0.4995
5  2  0  5.444  -1.905  0  2.59  -1.039  -1.046
5  2  1  -4.135  0.0488  0  2.355  -0.4467  -1.303
6  0  0  1.14  -2.248  0  2.832  -4.899  -1.128
6  0  1  1.618  -1.667  0  -2.159  1.606  -2.254
6  1  0  -2.631  6.95  0  0.6299  0.7669  1.456
6  1  1  0.8546  -2.34  0  3.131  -2.788  -2.489
6  2  0  2.093  -4.553  0  3.351  -3.454  2.501
6  2  1  -7.266  1.284  0  0.6819  0.9463  -2.584
7  0  0  -1.006  1.283  0  1.492  -2.023  -1.521
7  0  1  -4.374  0.6245  0  2.821  2.318  -2.726
7  1  0  2.655  5.33  0  -1.819  1.097  -0.4541
7  1  1  8.019  -3.914  0  1.031  -5.13  0.6682
7  2  0  -1.448  -3.059  0  4.702  -0.5805  -0.7492
7  2  1  1.573  -2.18  0  -1.064  -2.927  2.758
