0  0  0  5.877  -0.05498  0.1662  -0.01686  0.05443  -0.09129
0  0  1  0.05011  -2.102  -0.1203  0.00458  0.0255  0.03048
0  1  0  -1.427  -0.775  -0.4144  -0.02812  -0.04536  0.06401
0  1  1  1.8  -0.9908  0.02468  -0.0306  -0.03236  -0.06931
0  2  0  -0.7057  0.9324  0.5466  -0.02367  0.036  0.03084
0  2  1  -4.563  -2.86  0.9735  0.09566  -0.006101  -0.02354
1  0  0  -6.038  0.6964  0.0093  -0.05297  0.01444  0.06011
1  0  1  3.886  0.2644  -0.562  -0.06318  0.09907  0.001291
1  1  0  -0.4098  8.528  0.2419  -0.0315  0.03433  -0.06021
1  1  1  4.211  3.083  0.5024  -0.01938  -0.002529  -0.02377
1  2  0  4.901  1.79  -0.1523  -0.01486  -0.06227  -0.04454
1  2  1  0.9479  -5.706  -0.2883  0.07914  0.009756  -0.007538
2  0  0  4.811  -5.754  -0.1981  0.002563  -0.04974  -0.01466
2  0  1  -0.6408  2.208  -0.8047  -0.03819  0.07734  0.01634
2  1  0  5.877  -2.393  0.2283  -0.03836  -0.02307  -0.01919
2  1  1  0.1903  1.415  0.1734  -0.04638  -0.03499  0.0149
2  2  0  -0.241  6.427  0.08979  0.0363  -0.001398  -0.01353
2  2  1  0.03578  2.596  0.4484  0.06738  0.04494  0.02301
3  0  0  -1.924  -1.708  -0.107  0.006096  -0.0176  0.02296
3  0  1  -1.273  4.045  -0.5566  0.03108  -0.09209  -0.02418
3  1  0  1.579  -0.6876  -1.204  0.0339  -0.04381  0.01554
3  1  1  -3.234  5.718  -0.1979  0.009615  -0.01434  -0.02267
3  2  0  -1.457  -2.922  0.1611  0.04154  -0.007319  0.01324
3  2  1  -2.927  -4.212  0.3811  0.04847  0.005837  0.02231
4  0  0  0.5888  -0.0717  -0.8545  0.00173  0.009554  0.02271
4  0  1  0.8558  -0.5775  0.2251  -0.002354  0.04755  -0.02019
4  1  0  1.141  -4.199  0.1567  -0.01955  0.0347  -0.03773
4  1  1  4.194  3.201  -0.4513  0.0844  -0.01081  -0.03914
4  2  0  -0.9147  1.843  0.8125  0.01681  -0.01555  -0.03547
4  2  1  -1.615  0.8974  0.6408  -0.01469  -0.0189  -0.05113
5  0  0  0.5375  3.526  1.107  -0.003119  -0.01034  -0.005018
5  0  1  2.39  3.567  0.1219  0.02762  -0.008586  -0.05608
5  1  0  0.7137  -4.485  0.3419  -0.03318  -0.05139  0.01882
5  1  1  -5.408  1.649  0.3474  -0.04279  0.05519  -0.007702
5  2  0  -2.632  3.325  0.4164  -0.005736  0.06232  0.03427
5  2  1  -1.603  3.406  -0.137  0.01898  0.0172  0.01913
6  0  0  1.461  -0.6654  -0.07129  0.02628  -0.06726  -0.00426
6  0  1  0.3666  -0.9614  -0.6586  0.005003  0.03299  0.005173
6  1  0  1.877  -1.194  -0.672  -0.07427  0.003697  0.06373
6  1  1  -1.519  -0.7826  0.4674  -0.05446  -0.01006  -0.03381
6  2  0  0.4338  -2.534  0.4983  0.02527  0.03569  0.06107
6  2  1  -5.338  2.107  0.2951  -0.01752  -0.02038  0.04791
7  0  0  2.106  -7.186  0.3629  0.0006009  0.06323  0.005477
7  0  1  4.547  9.473  -0.131  0.03666  0.04397  0.0353
7  1  0  1.085  -4.006  0.4308  -0.01373  -0.01357  -0.01105
7  1  1  2.163  1.748  -0.3684  -0.02739  -0.02339  -0.02241
7  2  0  4.412  1.694  -0.08922  0.03264  -0.0171  -0.06274
7  2  1  1.216  5.359  0.1419  0.02169  0.03709  -0.004627
