0  0  0  2.366  4.056  0.04103  -0.05041  0.05498  0.05966
0  0  1  -2.598  4.185  -0.179  -0.03349  -0.01729  -0.01697
0  1  0  1.362  5.981  0.1538  0.02518  -0.001561  -0.04545
0  1  1  1.671  0.5307  -0.2025  0.007748  0.005512  -0.02599
0  2  0  -3.673  -1.099  -0.2636  -0.02884  -0.06876  0.0003739
0  2  1  -4.087  -1.56  0.2011  0.01424  -0.02665  -0.04688
1  0  0  3.6  1.452  0.4524  -0.05009  -0.0125  -0.04974
1  0  1  0.03717  -3.321  -0.003297  -0.04181  -0.004345  0.02212
1  1  0  3.096  -1.615  -0.02008  -0.05629  0.003765  0.028
1  1  1  -2.202  -3.12  0.289  -0.04251  -0.01684  0.01382
1  2  0  0.64  -1.594  0.4854  -0.0456  0.03973  -0.02116
1  2  1  -6.454  0.9383  0.4802  -0.06603  -0.001137  -0.01186
2  0  0  -0.2414  -5.369  -0.8669  0.00287  0.01288  -0.03149
2  0  1  0.5277  4.878  -0.4601  -0.04675  0.04728  0.009494
2  1  0  2.844  -6.783  0.5705  -0.04517  0.004573  -0.02914
2  1  1  -1.273  0.1254  -0.00479  0.06058  -0.06654  -0.006672
2  2  0  0.2684  -3.332  -0.2184  0.02105  0.004  0.02613
2  2  1  -4.192  0.9609  0.3963  0.01736  -0.01374  0.03546
3  0  0  3.59  0.8631  0.6682  0.04427  0.007225  -0.04306
3  0  1  2.464  1.802  -0.3887  -0.01503  -0.01764  0.01823
3  1  0  1.263  -2.87  0.568  -0.0436  0.03011  -0.02059
3  1  1  0.8245  -1.899  0.4508  0.02567  0.03358  0.09456
3  2  0  3.144  2.288  -0.04373  -0.03414  0.04416  -0.02164
3  2  1  -3.514  4.542  0.08107  -0.02206  0.02721  0.01827
4  0  0  2.785  4.137  -0.5809  -0.02277  -0.0116  -0.002849
4  0  1  -3.361  -3.36  -0.6431  0.01557  -0.02385  0.03406
4  1  0  -3.364  0.9167  -0.5686  0.0235  0.02634  -0.008009
4  1  1  0.9348  0.3418  -0.3193  -0.04674  -0.05408  -0.06144
4  2  0  -2.65  4.254  0.03154  0.02455  0.02282  -0.008562
4  2  1  -3.291  -3.773  0.02609  0.03427  0.007476  -0.004294
5  0  0  -2.12  4.652  -0.06996  -0.02259  -0.02708  -0.03254
5  0  1  1.051  -1.774  -0.2259  0.02496  -0.009948  -0.02707
5  1  0  -1.145  3.817  0.2014  0.06529  0.00665  0.01013
5  1  1  -1.231  -0.5649  0.09894  -0.01681  -0.01739  -0.04845
5  2  0  -0.8343  0.05737  0.007161  -0.03472  0.06254  0.01838
5  2  1  0.7142  2.38  0.1545  -0.03525  -0.006197  -0.06963
6  0  0  3.1  6.488  0.2788  -0.03859  0.0167  -0.04014
6  0  1  3.862  3.968  0.1951  -0.04191  0.01263  0.03068
6  1  0  -1.769  -4.89  -0.1712  -0.01325  -0.005991  0.05497
6  1  1  0.3698  4.867  -0.132  -0.008084  -0.01807  -0.02672
6  2  0  -4.769  -3.152  -0.6112  0.03341  -0.01876  0.02221
6  2  1  1.695  -0.5869  0.07563  -0.01654  -0.03573  0.01146
7  0  0  2.555  0.8008  -0.8302  0.03212  0.02579  0.01504
7  0  1  1.266  -2.284  -0.3778  0.06415  0.008055  -0.02027
7  1  0  -0.1473  0.799  0.1706  -0.007486  0.05729  0.02415
7  1  1  -3.136  3.492  -0.3263  -0.003195  -0.04545  -0.004534
7  2  0  -2.593  -1.206  -1.044  -0.03782  0.02171  -0.008503
7  2  1  -2.402  3.266  -0.8072  0.007319  -0.0231  -0.0577
