0  0  0  4.44  -0.07985  0  -2.412  0.635  1.973
0  0  1  1.812  1.31  0  -1.433  -3.055  -2.92
0  1  0  -1.757  -3.828  0  3.251  -2.88  -0.9206
0  1  1  1.935  4.472  0  0.7836  -0.1277  -2.91
0  2  0  2.283  -0.3539  0  2.403  -2.638  0.7537
0  2  1  -2.575  -4.798  0  0.3224  1.244  1.41
1  0  0  -2.092  -5.237  0  0.333  -2.639  1.424
1  0  1  0.2967  3.367  0  -1.38  -1.251  0.4179
1  1  0  3.35  -0.2332  0  -0.04381  -1.687  -1.604
1  1  1  0.2058  -2.785  0  1.683  -0.4714  2.709
1  2  0  -0.08721  -1.376  0  3.608  3.795  -0.9984
1  2  1  0.1473  5.26  0  3.339  0.7906  1.484
2  0  0  2.894  2.306  0  0.6513  2.851  -2.801
2  0  1  -2.085  -4.498  0  1.778  -1.779  -4.24
2  1  0  -0.2096  -0.3499  0  -2.335  0.4198  -0.04332
2  1  1  2.087  2.653  0  -1.28  1.284  -0.02457
2  2  0  -3.487  -4.865  0  -1.324  -0.0218  2.675
2  2  1  -0.6685  0.6251  0  -0.7347  1.924  3.061
3  0  0  3.382  1.962  0  -0.4884  -1.772  -1.382
3  0  1  -0.1309  1.411  0  -0.8254  -2.186  2.355
3  1  0  3.979  -0.4638  0  -1.42  -0.2355  -0.3139
3  1  1  -4.465  -1.178  0  -3.728  1.371  0.3362
3  2  0  1.396  0.6696  0  3.237  0.08816  -3.913
3  2  1  0.7499  1.888  0  1.692  1.749  -2.461
4  0  0  3.936  0.8478  0  -3.492  1.615  0.3764
4  0  1  0.2701  -4.117  0  0.6901  -3.647  0.2143
4  1  0  1.775  2.152  0  2.354  -2.264  2.919
4  1  1  5.169  1.16  0  -0.1144  -0.5338  0.7226
4  2  0  -1.493  7.16  0  -2.702  1.883  -0.4671
4  2  1  5.02  -2.832  0  -2.237  3.748  0.635
5  0  0  -0.7337  -3.699  0  1.866  4.268  -1.547
5  0  1  -0.5682  -1.782  0  0.6503  0.7684  -0.7658
5  1  0  -2.591  -0.2424  0  3.428  -0.8271  1.027
5  1  1  0.4295  0.8798  0  -0.8727  -0.09375  0.1424
5  2  0  0.3656  -1.059  0  1.458  -0.5924  0.07697
5  2  1  -0.7029  -4.912  0  -0.787  -2.16  -3.237
6  0  0  -0.4453  3.656  0  3.504  2.653  0.4628
6  0  1  -3.389  2.227  0  -2.823  -4.459  1.397
6  1  0  0.3382  -3.871  0  0.07908  1.877  6.07
6  1  1  4.277  -2.004  0  0.8508  2.235  -2.869
6  2  0  -1.856  0.9555  0  -0.6798  -0.8341  -2.953
6  2  1  -0.2536  -3.726  0  2.739  -1.444  4.392
7  0  0  -0.7876  -3.037  0  -3.069  -2.609  2.685
7  0  1  -1.609  -1.19  0  -1.175  1.669  1.087
7  1  0  0.8751  0.5228  0  0.5747  5.328  1.286
7  1  1  -1.51  5.658  0  -2.485  0.2554  -0.4129
7  2  0  -0.5452  0.4888  0  0.7156  4.522  1.438
7  2  1  0.8631  -2.36  0  0.8703  2.305  0.1379
