0  0  0  -2.72  2.098  0  -0.9928  -1.938  0.9866
0  0  1  -0.2993  -4.032  0  0.304  -0.2525  -1.469
0  1  0  0.6624  2.37  0  0.2556  0.7105  -2.049
0  1  1  4.569  -3.666  0  2.112  -1.927  2.956
0  2  0  -3.894  2.101  0  -2.764  -0.974  -2.476
0  2  1  0.5368  -1.137  0  1.073  0.7893  -1.6
1  0  0  -2.344  -2.352  0  -0.06316  -1.568  0.5422
1  0  1  -1.132  -2.963  0  5.044  3.467  0.3654
1  1  0  1.759  2.11  0  1.228  0.7909  -2.43
1  1  1  -3.775  -1.98  0  -1.799  1.859  1.984
1  2  0  4.914  0.4592  0  0.6154  -0.1753  -2.637
1  2  1  -0.7123  2.876  0  -2.918  -0.9644  -1.162
2  0  0  5.694  1.979  0  1.168  1.471  1.903
2  0  1  -0.7158  1.726  0  2.548  -1.104  -4.249
2  1  0  -2.428  0.9104  0  -2.076  2.254  1.041
2  1  1  -1.874  -3.063  0  0.9209  -4.152  -3.196
2  2  0  2.183  -0.1498  0  1.609  -0.2724  -1.703
2  2  1  -3.111  -0.9362  0  0.2956  -4.055  2.471
3  0  0  -1.33  -3.383  0  -2.075  2.496  1.065
3  0  1  -2.251  3.068  0  1.808  1.533  2.434
3  1  0  -2.855  2.77  0  -0.6641  0.8762  2.444
3  1  1  0.8038  -2.265  0  1.729  -4.476  -2.041
3  2  0  -6.137  0.3535  0  -0.3066  -1.337  0.8357
3  2  1  -2.952  3.689  0  -0.7331  2.09  -0.2906
4  0  0  -6.457  0.6286  0  0.1702  -1.038  2.031
4  0  1  -3.043  4.625  0  -1.918  -0.09512  0.8682
4  1  0  -3.136  1.193  0  -4.652  2.773  -1.017
4  1  1  2.517  -1.051  0  3.05  -0.1771  1.091
4  2  0  6.602  -1.913  0  -0.2152  1.9  -1.001
4  2  1  -3.976  0.4741  0  -2.638  -1.228  -3.217
5  0  0  -1.383  -1.662  0  1.039  1.652  1.366
5  0  1  2.491  -2.327  0  -0.5626  1.177  -0.2807
5  1  0  0.1342  -2.306  0  0.618  -1.339  -0.08641
5  1  1  -4.677  2.945  0  3.087  -3.409  -0.05545
5  2  0  3.758  -3.828  0  2.196  -4.78  0.9137
5  2  1  2.372  -1.647  0  -2.43  -0.2097  0.04784
6  0  0  -0.6851  -0.6836  0  -2.794  2.764  1.942
6  0  1  -0.02548  -2.564  0  -0.6472  1.239  1.721
6  1  0  2.916  1.946  0  2.364  4.858  1.108
6  1  1  2.282  1.294  0  -1.416  0.2813  2.894
6  2  0  4.919  0.5748  0  0.9843  -3.369  1.392
6  2  1  -2.149  2.035  0  -0.7336  -0.6097  2.827
7  0  0  -2.084  -0.2699  0  3.991  -1.023  -0.2245
7  0  1  -1.747  1.819  0  0.9049  0.2563  1.961
7  1  0  -1.154  3.621  0  1.91  -0.5285  -1.772
7  1  1  3.548  2.92  0  -0.5634  -1.258  1.724
7  2  0  1.596  2.26  0  2.347  -0.4674  -0.435
7  2  1  -3.065  -4.123  0  -3.042  3.132  5.205
