0  0  0  -4.361  -0.3188  0.1665  0.02586  0.01888  -0.0377
0  0  1  2.425  0.6459  -0.4036  0.05283  -0.003161  0.04354
0  1  0  -2.946  -3.539  -0.08259  -0.003244  0.02615  0.0434
0  1  1  4.482  3.962  -1.194  -0.03061  0.01578  0.03098
0  2  0  -6.256  -0.5573  -0.2039  -0.007517  -0.04664  -0.09306
0  2  1  3.402  0.1631  0.1232  0.004261  -0.02051  -0.02988
1  0  0  1.923  -1.265  0.2937  -0.007208  0.03358  0.04672
1  0  1  -1.858  3.633  0.4015  0.02544  0.03522  0.0004171
1  1  0  0.9777  8.838  0.1958  0.04688  -0.04438  0.085
1  1  1  7.513  2.229  0.2984  -0.0004302  -0.01901  -0.02731
1  2  0  -2.791  1.993  1.501  0.01387  -0.001185  0.04301
1  2  1  0.0502  -2.529  -0.07641  -0.02818  0.001133  0.03467
2  0  0  -0.321  4.523  0.5268  0.002365  0.03546  -0.05384
2  0  1  -1.25  -0.5541  -0.2884  0.05484  -0.05602  0.04219
2  1  0  -0.2362  -2.671  -0.4466  0.02065  0.0363  0.02577
2  1  1  0.05904  -2.267  -0.2263  -0.02932  0.04942  -0.03503
2  2  0  0.7613  0.3199  0.2733  0.01968  -0.04067  0.03619
2  2  1  -1.686  2.331  0.284  0.01457  0.002031  -0.03359
3  0  0  0.3197  3.4  0.127  -0.007585  -0.02337  0.006054
3  0  1  2.901  3.992  -0.7796  0.007029  0.0317  0.04623
3  1  0  0.8462  -0.9849  0.07417  0.003845  0.02214  0.02653
3  1  1  0.4239  -2.327  0.1218  0.02411  0.03291  0.001219
3  2  0  -1.004  1.798  0.1808  0.006558  0.00117  -0.007427
3  2  1  3.632  -1.145  0.08298  0.0644  -0.06308  0.05696
4  0  0  3.578  1.738  -0.06986  -0.04312  0.006655  -0.04938
4  0  1  -0.5458  4.479  0.7889  0.0598  -0.03416  -0.02784
4  1  0  -4.666  3.816  0.03139  -0.03945  -0.007275  0.04456
4  1  1  -4.559  -3.902  0.9463  -0.002321  0.05405  -0.08056
4  2  0  4.638  1.884  0.449  -0.01523  -0.07905  -0.003632
4  2  1  -0.4581  -5.282  0.6161  -0.01707  0.02509  -0.001344
5  0  0  3.381  0.9296  -0.6352  0.01635  0.01488  -0.01035
5  0  1  0.3475  -0.5844  -0.6588  -0.03848  0.03202  -0.02777
5  1  0  -0.3981  -0.9536  -0.1815  -0.05026  0.02093  0.003239
5  1  1  -2.604  -3.866  0.05783  -0.1132  -0.007831  0.03115
5  2  0  0.4114  1.097  0.2151  0.003634  -0.05679  -0.04629
5  2  1  -0.03435  2.751  -0.4494  0.004983  -0.05518  0.03268
6  0  0  -4.807  -0.3432  -0.5708  0.03681  0.05293  -0.03623
6  0  1  -3.15  -1.717  -0.5046  -0.01751  -0.02349  -0.03582
6  1  0  -3.9  -2.109  0.2385  0.02223  -0.008331  -0.01508
6  1  1  5.767  3.329  0.2495  -0.02239  0.02077  -0.06389
6  2  0  0.2945  -0.7964  0.3852  0.0296  -0.0301  -0.07222
6  2  1  -0.1381  1.339  -0.09825  0.01682  -0.04834  0.01315
7  0  0  3.604  -1.2  -0.2002  -0.06067  0.03713  0.0443
7  0  1  -0.5279  -0.5414  -0.1027  -0.06903  0.01445  0.07811
7  1  0  -4.853  -1.931  -0.2065  0.01062  0.008065  -0.0414
7  1  1  8.526  -0.7328  0.1263  0.06953  0.01799  0.03415
7  2  0  1.006  -3.394  -0.8395  -0.0596  -0.02437  -0.006402
7  2  1  -5.027  5.042  -0.4425  -0.01372  -0.02113  -0.005461
