0  0  0  3.523  2.284  0  0.5279  1.633  0.3077
0  0  1  3.359  2.315  0  1.583  2.314  0.6021
0  1  0  1.034  5.347  0  -1.504  4.322  0.02985
0  1  1  4.623  0.348  0  1.059  -0.5108  -0.7018
0  2  0  0.1131  -0.4412  0  1.14  -1.973  2.59
0  2  1  -1.424  -4.817  0  -1.952  -0.9473  3.188
1  0  0  -1.325  6.053  0  -5.475  -1.134  0.2223
1  0  1  0.0446  3.674  0  -0.1819  1.132  0.1039
1  1  0  -2.926  6.452  0  -0.1334  -1.601  1.124
1  1  1  -2.212  -0.4743  0  1.516  2.055  0.1897
1  2  0  0.8017  -2.076  0  1.831  -0.1746  5.016
1  2  1  5.518  -1.511  0  -3.247  -1.217  3.736
2  0  0  -3.188  6.706  0  -0.9183  4.198  0.3155
2  0  1  2.12  -7.714  0  -1.581  0.133  0.2738
2  1  0  1.704  -0.6553  0  -0.1199  1.374  1.704
2  1  1  2.826  -3.481  0  2.052  -0.6503  2.11
2  2  0  2.101  -4.829  0  -2.676  2.316  -3.561
2  2  1  2.241  3.203  0  1.001  -0.5036  1.453
3  0  0  -3.524  -0.312  0  1.977  -3.071  0.2482
3  0  1  4.254  -1.361  0  6.146  0.2317  -1.389
3  1  0  2.257  -2.115  0  -2.999  -2.678  -0.05026
3  1  1  0.2846  2.616  0  0.4783  -0.4706  0.6331
3  2  0  2.228  0.6299  0  -1.86  2.255  -1.259
3  2  1  -0.9499  -0.05159  0  -0.1362  -0.2032  2
4  0  0  2.304  0.3359  0  0.6851  0.09259  0.06848
4  0  1  -3.992  -2.55  0  -0.01692  -3.105  -0.06504
4  1  0  1.826  -3.194  0  -0.6705  -2.844  -0.2986
4  1  1  -1.068  0.3541  0  -2.66  -1.863  3.487
4  2  0  0.1718  -1.037  0  3.029  1.293  -2.349
4  2  1  -2.879  0.4131  0  -0.8422  -0.9965  -1.079
5  0  0  5.83  -0.1612  0  -1.08  1.97  -3.786
5  0  1  -1.025  -3.568  0  3.526  -2.915  0.1453
5  1  0  -7.475  3.293  0  0.398  -1.104  -4.783
5  1  1  2.414  0.5111  0  1.589  1.812  -0.9286
5  2  0  2.852  3.356  0  -0.1927  1.67  -0.08731
5  2  1  1.62  0.6884  0  1.384  -3.312  -0.00243
6  0  0  -0.2165  0.807  0  2.291  -0.9014  0.4927
6  0  1  -3.284  -1.726  0  -1.397  0.3785  0.8796
6  1  0  -5.107  1.703  0  2.879  1.983  -1.406
6  1  1  0.4456  2.853  0  2.399  5.142  -1.373
6  2  0  4.441  -4.301  0  1.928  2.556  -1.391
6  2  1  -0.2724  -5.348  0  5.05  -0.3894  -2.454
7  0  0  2.768  0.05844  0  0.1225  -1.603  -0.6515
7  0  1  6.765  4.113  0  2.24  4.172  -1.525
7  1  0  1.131  -3.384  0  -2.375  -2.521  -0.8184
7  1  1  1.386  -3.308  0  1.392  2.024  -1.292
7  2  0  4.241  6.771  0  0.3506  0.1866  -1.164
7  2  1  0.1355  -0.5232  0  -1.566  -0.3617  2.004
