0  0  0  3.414  -4.38  -0.1034  0.04829  0.01099  -0.05855
0  0  1  2.907  0.6068  0.603  -0.01468  0.005673  0.00106
0  1  0  -2.111  -4.072  0.5435  -0.02036  -0.03901  -0.0245
0  1  1  1.508  -1.624  -0.4369  -0.02199  0.06188  -0.01276
0  2  0  -0.6874  1.796  0.02303  -0.008262  0.01701  -0.02897
0  2  1  1.487  -2.064  -0.1576  -0.05779  -0.02756  -0.02732
1  0  0  -1.589  1.671  -0.1229  -0.04924  0.03184  0.01339
1  0  1  -3.354  1.351  0.1271  0.007207  0.03933  -0.04232
1  1  0  -4.329  1.731  0.08694  0.01604  0.01454  0.003597
1  1  1  -0.1364  1.618  0.6752  0.03058  -0.0136  0.01135
1  2  0  4.969  6.352  -0.7336  -0.003858  -0.00734  -0.03244
1  2  1  0.1932  0.8311  0.2375  -0.0471  0.01514  0.02422
2  0  0  -6.706  5.139  -0.3057  0.01321  -0.005046  -0.02985
2  0  1  -3.836  -3.705  0.6433  -0.07086  0.02416  0.05125
2  1  0  2.937  -0.7923  -0.3993  -0.02459  0.1125  -0.036
2  1  1  6.363  1.367  0.5956  -0.0311  0.007803  0.03816
2  2  0  -2.774  9.139  -0.1644  -0.01609  -0.03813  -0.03767
2  2  1  -2.59  4.375  0.7577  0.02085  -0.03896  0.04893
3  0  0  0.5025  3.552  -0.02047  -0.03522  0.005875  -0.08011
3  0  1  0.4407  4.618  0.691  -0.06615  0.01392  -0.01402
3  1  0  0.6644  -1.721  0.1364  -0.0319  -0.005765  0.0559
3  1  1  -3.556  0.4995  0.3613  0.08632  0.04701  0.02796
3  2  0  -6.296  -0.3417  0.5147  -0.04062  0.008144  0.03432
3  2  1  -3.575  2.759  0.6314  -0.0642  0.0626  0.04818
4  0  0  -4.505  -1.924  -0.172  -0.03593  0.01665  -0.0008313
4  0  1  0.1704  3.664  0.2877  0.01489  -0.03636  -0.01471
4  1  0  -0.1975  -4.267  0.4288  -0.05501  0.04482  -0.02066
4  1  1  0.6546  -4.397  -1.024  -0.03887  0.02296  -0.07912
4  2  0  2.934  0.2383  0.9091  -0.02971  -0.002953  -0.002307
4  2  1  2.623  -1.221  -0.3188  0.0228  0.01114  -0.02464
5  0  0  -0.2775  0.8758  0.7261  0.01242  0.07686  -0.03624
5  0  1  2.491  -4.004  0.2429  -0.03791  0.04321  0.01546
5  1  0  3.202  -0.7386  0.3728  0.01738  -0.006651  -0.03943
5  1  1  2.219  -2.31  0.3855  0.04956  0.04043  -0.04831
5  2  0  2.455  -2.055  -0.05379  -0.04356  0.007669  -0.02233
5  2  1  5.292  -2.196  -4.42e-05  0.0326  -0.07563  -0.007108
6  0  0  -0.9646  2.445  0.635  0.03247  0.01616  -0.0003139
6  0  1  1.459  -1.81  -0.09005  -0.002738  0.01172  0.05413
6  1  0  -3.413  2.147  0.822  0.05818  0.005015  0.00183
6  1  1  -7.797  -4.885  -0.5856  -0.02254  -0.01054  -0.0396
6  2  0  7.512  -4.279  -0.04832  0.005098  -0.009036  -0.01204
6  2  1  0.1128  -7.681  0.3986  -0.0157  0.02788  -0.02274
7  0  0  -4.271  0.07526  0.1948  -0.02294  0.08798  -0.06246
7  0  1  4.281  -0.8468  -0.3776  -0.0233  0.03632  0.02323
7  1  0  -0.7637  1.651  -0.4032  -0.01602  0.001155  0.03752
7  1  1  -1.437  3.951  -0.4643  -0.008091  0.0007812  -0.005237
7  2  0  1.5  -0.4055  0.1537  -0.0263  -0.003667  0.0125
7  2  1  -0.6316  -6.719  -0.0066  -0.03344  -0.01554  0.06702
