0  0  0  2.287  -1.595  0.05254  -0.008295  -0.02036  -0.01584
0  0  1  -0.283  -0.4099  0.296  -0.01303  0.01911  0.01437
0  1  0  -1.93  1.529  0.1643  -0.006899  0.02427  0.0248
0  1  1  -1.159  3.73  -0.3414  -0.04358  0.05502  -0.0494
0  2  0  0.2505  -1.675  -0.1959  -0.05183  -0.06098  0.03281
0  2  1  3.398  3.092  0.2023  -0.01656  -0.006566  0.00409
1  0  0  1.608  -7.169  -0.6342  -0.001436  -0.01549  -0.0087
1  0  1  -1.416  -0.4002  0.3741  -0.06524  -0.0291  -0.008667
1  1  0  1.006  -1.887  -0.1506  0.0593  -0.005345  0.02731
1  1  1  -1.167  -3.254  0.08843  -0.04245  -0.04746  0.003145
1  2  0  -4.04  -0.5084  0.7671  0.06062  -0.004019  0.04738
1  2  1  -3.211  0.3938  0.6167  -0.03758  -0.01702  0.01451
2  0  0  -2.172  -0.06379  0.1005  -0.02421  0.0227  -0.09227
2  0  1  1.996  2.549  -0.005008  -0.01379  0.06358  -0.06125
2  1  0  3.575  -3.22  -0.5333  -0.03953  -0.009704  -0.02876
2  1  1  0.6169  -1.235  0.2312  -0.001934  -0.00782  -0.00507
2  2  0  -0.4842  2.489  -0.04512  0.02974  -0.001234  0.01389
2  2  1  6.319  2.148  0.8089  -0.02951  -0.01578  0.004299
3  0  0  -0.5028  -1.754  -0.2375  0.04626  -0.04332  -0.02242
3  0  1  -0.298  2.701  -0.8197  -0.0331  -0.03378  -0.003783
3  1  0  -4.449  1.843  -0.948  0.01757  -0.005882  0.02752
3  1  1  -1.683  -2.931  0.4251  -0.05373  0.0356  -0.07118
3  2  0  -0.7194  5.417  0.1814  -0.009582  0.01863  -0.02618
3  2  1  8.236  -0.1253  -0.4368  0.05119  0.02334  0.02888
4  0  0  4.083  -0.2717  0.2389  0.03773  -0.01842  -0.0005893
4  0  1  1.105  4.17  -1.122  -0.007685  -0.05049  0.06498
4  1  0  -0.9743  -0.1761  0.6638  -0.001586  0.05132  -0.003622
4  1  1  -1.682  2.741  -0.3751  0.03952  0.01545  -0.01778
4  2  0  2.694  3.446  0.7808  0.01757  -0.03472  -0.03927
4  2  1  4.105  2.051  -0.2294  -0.05227  -0.03039  -0.01715
5  0  0  -0.8549  -5.975  -0.112  -0.05147  0.0134  0.05133
5  0  1  -2.73  -0.3364  -0.7993  0.02575  0.02068  0.02983
5  1  0  1.343  2.402  -0.1409  -0.02306  -0.03196  -0.003162
5  1  1  -0.8926  3.006  0.2552  -0.06319  -0.008438  -0.01958
5  2  0  -5.616  3.746  0.5252  0.01124  -0.05264  -0.02378
5  2  1  -3.547  5.016  0.1914  0.04833  0.02382  -0.05246
6  0  0  -10.32  3.473  0.5529  0.004707  0.05238  -0.02676
6  0  1  -1.426  -1.535  -0.7822  0.004207  0.04978  0.00791
6  1  0  2.717  -2.11  0.4037  -0.04348  -0.01053  0.01817
6  1  1  -1.581  5.985  0.4826  0.0159  -0.04012  0.03595
6  2  0  7.963  -6.767  -0.3234  0.08244  -0.01586  -0.0005366
6  2  1  -0.887  5.524  0.6436  -0.04404  0.04602  -0.07362
7  0  0  6.866  5.983  0.4041  0.02339  0.02411  0.04381
7  0  1  -0.2321  -8.22  -0.299  -0.008726  0.0168  -0.005273
7  1  0  -2.436  -3.279  -0.9022  -0.03282  0.05731  0.03162
7  1  1  4.454  -1.176  -0.06139  0.02661  -0.01964  -0.04438
7  2  0  2.836  -1.083  -0.2547  0.001446  0.01537  0.02138
7  2  1  3.017  4.497  1.292  0.01273  0.05861  -0.1402
