0  0  0  -1.822  3.643  -1.067  -0.02276  0.01169  0.04093
0  0  1  -6.768  1.391  -0.2789  -0.04053  0.02984  -0.02654
0  1  0  3.27  3.553  0.6494  -0.0766  -0.03128  -0.03376
0  1  1  3.818  5.389  -0.05762  0.007785  0.006288  0.00776
0  2  0  -0.08135  2.078  -0.1103  -0.02767  -0.03229  -0.0724
0  2  1  1.094  5.327  -0.03355  0.05233  0.03668  0.01691
1  0  0  4.485  2.745  -0.1298  0.07124  -0.06789  -0.03749
1  0  1  1.002  0.9033  -0.6282  0.129  -0.05371  0.01171
1  1  0  1.19  -1.02  -0.3376  -0.005991  -0.03393  -0.04633
1  1  1  -4.896  -2.219  0.5427  0.02449  -0.03682  -0.03404
1  2  0  0.2309  -1.104  -1.075  -0.02358  -0.03947  0.007165
1  2  1  -2.571  1.874  0.6946  -0.009415  0.04302  -0.01667
2  0  0  3.902  1.433  0.293  -0.01909  -0.03012  0.07915
2  0  1  4.532  -2.31  0.05627  -0.02366  0.0482  -0.02509
2  1  0  2.21  1.97  0.5608  0.04395  0.008546  -0.08283
2  1  1  3.03  5.019  0.1187  -0.05619  0.02664  0.03648
2  2  0  1.958  0.5504  0.5594  -0.006969  -0.02726  0.01158
2  2  1  7.61  4.182  0.8351  0.01939  0.05167  -0.03875
3  0  0  -1.805  0.0004533  -0.007569  0.01636  -0.05143  0.002204
3  0  1  -1.737  1.525  -0.4092  -0.02048  -0.007333  -0.008794
3  1  0  -3.876  -4.781  -0.5523  0.01835  0.008918  0.002455
3  1  1  7.655  -1.296  -0.5874  0.08347  -0.0157  0.07157
3  2  0  -5.511  -3.638  0.4407  -0.04376  -0.06274  -0.005292
3  2  1  1.942  -5.086  -0.8741  0.003856  -0.05154  -0.008982
4  0  0  3.394  8.187  -0.4558  0.03799  0.04344  -0.03409
4  0  1  2.133  -5.106  -0.2631  0.06317  -0.06346  -0.0146
4  1  0  -0.2639  5.275  0.7167  0.01576  -0.0011  0.07057
4  1  1  0.2604  -3.515  -0.4586  0.04167  0.03381  -0.0334
4  2  0  -0.06683  2.543  -0.7395  0.0269  0.00292  -0.00179
4  2  1  2.423  -2.032  0.3589  0.02734  0.0493  -0.04639
5  0  0  5.253  1.118  0.2406  -0.03638  -0.01154  -0.04387
5  0  1  0.5295  -2.909  0.8068  0.0208  -0.01014  0.003139
5  1  0  0.9548  3.549  -0.252  0.008834  0.01131  0.03127
5  1  1  -3.417  5.699  -0.1042  -0.07581  -0.03201  0.05506
5  2  0  2.034  1.641  -0.7677  -0.02781  -0.07311  0.02655
5  2  1  -4.65  -2.217  -1.077  -0.0009716  -0.03604  -0.006258
6  0  0  2.523  -3.073  -0.319  0.02439  -0.04101  -0.008967
6  0  1  -0.622  0.1567  -0.1191  -0.03447  -0.04158  -0.06937
6  1  0  1.321  -0.017  -0.01726  -0.006869  -0.05685  0.05451
6  1  1  -3.009  0.3739  0.006879  0.004052  0.05958  -0.04162
6  2  0  -4.941  -1.044  -0.5799  0.0109  0.01688  -0.002361
6  2  1  -2.673  -0.6865  -0.1934  -0.04038  -0.01194  0.0294
7  0  0  -1.65  -1.524  1.037  0.03624  -0.005874  -0.02928
7  0  1  0.182  1.426  0.629  -0.008647  0.008091  -0.01762
7  1  0  -2.017  1.907  0.2458  0.00617  -0.00208  -0.04181
7  1  1  3.959  2.064  0.2351  0.04069  0.02382  0.005342
7  2  0  -2.345  4.05  -0.08963  0.01292  0.0101  -0.02951
7  2  1  -1.431  -0.445  0.437  -0.004367  0.02839  0.008032
