0  0  0  4.531  3.598  0  -0.1569  0.7748  1.404
0  0  1  -7.432  -1.173  0  -2.62  2.305  -0.2132
0  1  0  -7.867  -1.855  0  0.7556  5.3  -2.711
0  1  1  -2.751  -1.492  0  0.000871  -1.1  -2.355
0  2  0  -6.97  -4.205  0  2.818  3.487  2.487
0  2  1  -1.531  -0.7695  0  -1.967  -2.877  1.81
1  0  0  -4.701  1.293  0  2.617  1.98  3.115
1  0  1  -1.049  5.551  0  -2.415  3.587  0.551
1  1  0  0.7866  8.196  0  1.976  0.3613  -0.5731
1  1  1  -0.9034  1.784  0  2.885  0.1469  2.788
1  2  0  -0.6126  -0.4236  0  1.097  -3.765  1.947
1  2  1  -0.6678  1.366  0  -2.418  1.785  0.3102
2  0  0  -1.706  2.496  0  0.5331  -0.9837  -2.314
2  0  1  -0.1796  -2.268  0  -0.931  -1.022  -1.274
2  1  0  3.317  3.214  0  3.897  0.84  1.7
2  1  1  -1.002  2.547  0  1.494  -0.4358  2.927
2  2  0  6.817  -0.912  0  -2.744  1.7  -0.2046
2  2  1  2.712  -1.258  0  -1.931  4.132  -3.345
3  0  0  -2.441  1.564  0  0.7391  1.568  -0.5923
3  0  1  -4.095  2.453  0  2.136  -1.466  -0.6706
3  1  0  4.371  -2.351  0  -2.048  -0.404  -0.4797
3  1  1  -0.8308  -1.12  0  0.8953  1.261  -2.553
3  2  0  1.213  -0.24  0  2.167  -1.325  -2.829
3  2  1  -3.224  2.888  0  -2.705  -0.4776  1.173
4  0  0  3.365  -4.403  0  0.9917  1.616  -2.052
4  0  1  -0.8867  3.557  0  -0.2315  0.2841  -0.8642
4  1  0  0.7802  1.105  0  -2.079  -3.137  -0.1249
4  1  1  -1.046  2.754  0  2.459  4.028  -1.387
4  2  0  -4.628  4.67  0  -0.7036  1.004  2.303
4  2  1  -4.145  0.15  0  -2.308  1.221  -0.6737
5  0  0  -3.509  -1.079  0  0.7787  -0.5836  2.355
5  0  1  2.793  -1.703  0  -1.592  -1.478  -1.652
5  1  0  0.851  0.1928  0  -2.836  0.9558  -1.966
5  1  1  1.982  2.651  0  2.776  -2.881  1.695
5  2  0  -0.9594  0.655  0  -0.2151  0.6512  0.3978
5  2  1  2.244  0.5339  0  -3.223  -1.352  -0.7473
6  0  0  -0.1894  -3.53  0  -0.074  -0.9102  -1.49
6  0  1  0.2917  -0.5106  0  0.3557  1.643  2.341
6  1  0  -1.033  -5.474  0  -1.442  -1.669  -1.933
6  1  1  -1.741  1.453  0  3.162  2.056  -1.775
6  2  0  -3.072  -3.917  0  0.6921  0.721  0.7672
6  2  1  6.997  5.448  0  1.365  -2.033  -1.215
7  0  0  3.355  -2.122  0  -1.736  1.422  1.601
7  0  1  0.9297  0.2469  0  0.3542  2.076  1.803
7  1  0  -1.311  -0.9723  0  2.035  -1.099  0.4333
7  1  1  0.1972  -2.087  0  -0.733  1.137  -1.135
7  2  0  0.2478  -4.082  0  -0.4469  -0.661  3.046
7  2  1  4.75  1.638  0  -0.3548  1.291  0.1305
