0  0  0  2.083  -0.7773  0  0.9571  1.068  0.9126
0  0  1  0.3709  6.234  0  2.671  -0.6245  -3.057
0  1  0  2.47  -0.4869  0  -2.003  2.014  -0.05764
0  1  1  -0.6617  -4.301  0  -0.5046  -0.6147  -0.3973
0  2  0  -3.428  -2.604  0  1.183  -0.1582  -3.406
0  2  1  3.501  -4.822  0  -1.445  -0.2038  -1.646
1  0  0  -2.344  0.7303  0  -0.4776  1.903  1.335
1  0  1  -1.797  4.756  0  -2.744  -0.7401  1.2
1  1  0  -3.746  0.6048  0  -0.4067  -3.806  -1.441
1  1  1  -1.515  -2.451  0  -4.575  -0.5921  -1.646
1  2  0  5.786  -0.6747  0  -1.532  3.843  0.3367
1  2  1  -3.179  1.387  0  -1.091  -2.786  -0.2737
2  0  0  5.039  0.7592  0  2.906  -1.332  0.5406
2  0  1  1.804  -3.774  0  2.852  0.02646  2.508
2  1  0  5.353  -1.518  0  0.9796  -0.9011  -1.714
2  1  1  -1.567  -2.144  0  -1.283  -0.007892  -0.5235
2  2  0  -6.735  -4.76  0  1.25  3.673  1.277
2  2  1  -0.4639  -1.685  0  -2.542  0.5572  0.02861
3  0  0  -2.419  -1.917  0  1.404  -0.4946  -1.383
3  0  1  4.105  8.787  0  -0.2412  -3.474  0.448
3  1  0  -5.696  2.503  0  0.9931  6  -2.046
3  1  1  4.496  1.42  0  -0.5226  0.5864  -0.5384
3  2  0  0.5043  1.485  0  1.398  1.007  -3.227
3  2  1  0.481  -2.796  0  -1.609  -3.909  1.624
4  0  0  3.356  4.225  0  -5.94  -0.266  1.48
4  0  1  -1.521  1.683  0  0.7114  4.13  -2.05
4  1  0  -2.172  1.586  0  0.06124  0.4425  2.305
4  1  1  2.873  1.895  0  -4.665  -1.694  2.906
4  2  0  -6.117  -1.395  0  -0.156  1.373  0.4651
4  2  1  0.6052  2.889  0  3.284  4.735  -1.496
5  0  0  -3.664  1.058  0  0.3502  -1.376  -0.3552
5  0  1  -0.2149  -1.818  0  2.994  3.421  -1.2
5  1  0  -2.032  -0.9739  0  2.423  3.922  -1.587
5  1  1  -2.624  -7.556  0  -1.67  1.099  -0.4983
5  2  0  -3.082  4.501  0  1.123  0.5316  -1.076
5  2  1  0.4418  -0.626  0  0.5116  0.0915  0.4254
6  0  0  -0.327  -0.7797  0  -1.64  0.9607  -0.9182
6  0  1  0.6701  -6.212  0  0.5246  -1.744  1.347
6  1  0  1.235  -2.965  0  -3.73  1.502  0.8561
6  1  1  2.594  3.884  0  -1.018  2.305  0.3144
6  2  0  4.013  -0.5605  0  3.514  0.8241  1.968
6  2  1  0.9936  -5.432  0  0.4477  1.161  0.699
7  0  0  -0.1515  -8.556  0  0.05872  0.3095  -2.847
7  0  1  2.247  2.928  0  -0.8285  2.89  3.558
7  1  0  -4  4.265  0  0.5038  0.1043  1.838
7  1  1  0.6273  -0.1147  0  -0.8255  -0.09027  2.117
7  2  0  5.811  -1.712  0  0.1558  0.09574  -1.085
7  2  1  2.785  -0.05637  0  2.244  0.01964  -3.069
