0  0  0  -3.522  5.173  0  1.891  3.086  1.254
0  0  1  1.424  -2.035  0  1.644  2.477  2.46
0  1  0  1.176  -0.66  0  -2.864  2.913  1.845
0  1  1  -0.9337  -0.4917  0  -0.3288  -3.019  -2.416
0  2  0  -4.477  -4.651  0  -1.403  2.286  -0.8596
0  2  1  -1.977  5.26  0  -0.4487  2.007  -1.075
1  0  0  -3.498  1.575  0  -4.166  -1.207  -1.808
1  0  1  -0.8769  1.612  0  4.028  3.243  -0.9873
1  1  0  2.115  2.786  0  -1.74  0.8928  0.1754
1  1  1  -3.874  0.974  0  -1.358  1.909  -0.01479
1  2  0  5.028  3.066  0  0.2476  -2.025  -0.7927
1  2  1  -4.57  -4.493  0  -0.2256  -1.901  -1.263
2  0  0  -1.152  -1.298  0  -0.7053  2.458  0.3131
2  0  1  4.098  0.6824  0  -3.612  -2.298  2.559
2  1  0  2.001  0.8918  0  0.7714  1.45  -3.869
2  1  1  2.553  1.613  0  0.6535  1.114  -0.03105
2  2  0  -1.549  -4.099  0  0.2924  0.2338  -2.595
2  2  1  1.092  2.09  0  -0.286  -0.9507  -3.136
3  0  0  1.615  -0.3585  0  -1.72  -3.208  3.013
3  0  1  -1.281  1.353  0  -0.6162  2.38  1.66
3  1  0  -2.578  -3.764  0  0.9505  1.688  0.6865
3  1  1  4.014  -0.3264  0  -0.7789  0.8817  -0.5447
3  2  0  6.053  -2.381  0  -0.2753  1.481  1.213
3  2  1  -1.648  2.682  0  2.114  -1.484  -1.173
4  0  0  -0.3475  -5.718  0  0.5056  2.328  -2.146
4  0  1  1.521  -7.121  0  1.517  1.93  -2.635
4  1  0  -0.8729  8.776  0  -2.037  -3.34  -0.5358
4  1  1  -1.427  5.537  0  0.3033  3.027  -0.7232
4  2  0  1.409  2.374  0  -5.14  -3.855  -2.471
4  2  1  2.318  4.628  0  2.145  1.303  0.09695
5  0  0  5.755  1.612  0  1.024  1.517  0.09626
5  0  1  3.354  -2.499  0  3.491  2.354  -4.447
5  1  0  -0.9229  -0.6557  0  0.6662  0.6788  -1.657
5  1  1  1.95  0.215  0  1.484  0.923  -2.03
5  2  0  1.768  -3.766  0  0.543  2.779  -2.368
5  2  1  -3.419  6.681  0  0.8539  -2.265  0.6138
6  0  0  -2.547  1.564  0  1.291  -1.172  0.2998
6  0  1  3.251  0.2143  0  -0.4236  -3.456  0.09523
6  1  0  -0.5443  6.469  0  1.003  -1.891  -2.445
6  1  1  -1.678  -1.574  0  1.485  3.039  0.07566
6  2  0  2.68  6.781  0  1.721  -1.237  -1.412
6  2  1  3.245  4.808  0  -0.7055  -2.008  -2.967
7  0  0  -0.4054  1.374  0  0.6156  -3.022  -0.4697
7  0  1  0.1163  2.158  0  2.841  1.159  -2.182
7  1  0  1.295  -0.4031  0  2.452  -3.231  -1.041
7  1  1  -3.301  -1.105  0  2.293  -2.155  -1.961
7  2  0  -3.394  -0.2136  0  -0.7626  -0.8615  -0.1379
7  2  1  -3.279  -0.09075  0  4.131  1.651  1.117
