0  0  0  -2.098  1.138  -1.376  -0.02152  0.02762  -0.01151
0  0  1  3.746  2.779  0.1515  0.01325  0.02391  0.02463
0  1  0  -0.8259  -1.208  -0.5477  0.08827  0.07424  -0.012
0  1  1  6.854  0.5408  0.06622  0.03409  -0.01139  -0.01232
0  2  0  0.1706  -1.389  -0.3627  -0.00452  0.03437  -0.001385
0  2  1  0.2506  0.3579  -0.2926  -0.005966  0.0003724  0.03393
1  0  0  -0.9327  -2.9  0.265  0.02754  -0.05041  -0.005892
1  0  1  4.028  -4.998  0.04771  -0.04863  -0.06388  -0.004517
1  1  0  3.307  -1.912  -0.07687  -0.05685  0.01672  -0.04861
1  1  1  4.138  -5.151  0.1677  -0.04321  0.003494  -0.008017
1  2  0  1.397  -0.7311  -0.4222  0.03768  -0.01403  0.008192
1  2  1  -0.6407  -0.1905  0.9361  0.03305  -0.002687  0.04373
2  0  0  -1.5  1.856  -0.2052  -0.01488  -0.002257  -0.02651
2  0  1  -0.4592  -1.008  -0.3161  -0.03068  -0.01711  0.0122
2  1  0  2.041  0.5268  -0.8726  -0.033  -0.008891  -0.03508
2  1  1  -0.7464  2.657  0.4519  0.02053  -0.05006  -0.02857
2  2  0  -4.868  -1.857  0.1638  0.03275  -0.0514  -0.1025
2  2  1  0.7027  -2.748  0.6419  0.02883  0.02316  0.01949
3  0  0  0.6277  1.324  -0.02334  0.005066  -0.001607  0.04379
3  0  1  0.8185  0.04142  -0.781  0.04224  -0.02563  0.01229
3  1  0  2.032  -1.978  -0.4001  -0.01595  0.03799  -0.04672
3  1  1  0.7569  1.307  -0.04169  0.02258  0.03642  -0.01083
3  2  0  -0.4743  -1.285  -1.028  -0.005219  0.006752  0.008306
3  2  1  -2.3  1.491  -0.5114  -0.04808  0.03237  0.04724
4  0  0  -2.089  -0.1073  0.14  0.04517  0.001432  -0.02959
4  0  1  4.9  1.338  -0.3462  0.05327  -0.02633  0.03528
4  1  0  3.649  1.915  0.07399  0.01803  0.01806  0.007858
4  1  1  0.7039  0.01167  -0.2312  -0.03257  -0.01505  0.02374
4  2  0  0.8458  3.108  -0.1963  -0.03624  0.04368  -0.02538
4  2  1  2.395  -4.728  -0.7814  -0.02243  0.02693  0.02364
5  0  0  -4.413  -0.3956  0.2457  -0.01202  0.06368  -0.0311
5  0  1  -1.901  1.377  -0.1016  0.03334  -0.03726  -0.002901
5  1  0  1.534  0.3199  0.5571  0.02144  0.001887  -0.06009
5  1  1  2.653  -1.555  0.01982  -0.02598  -0.02365  -0.03818
5  2  0  1.118  4.67  -0.09505  -0.03683  -0.04285  -0.05006
5  2  1  2.357  -1.861  0.324  -0.001545  -0.01269  0.01272
6  0  0  2.451  4.445  0.4851  0.06368  0.1069  -0.06027
6  0  1  -0.1128  -1.396  -0.04162  -0.01421  -0.01772  -0.02115
6  1  0  3.008  -0.6464  0.867  0.009974  0.04365  -0.02198
6  1  1  0.9872  -1.603  0.158  -0.08707  0.02333  0.03304
6  2  0  -2.685  9.038  0.7856  0.03746  0.02482  -0.02642
6  2  1  2.802  -0.1133  0.2099  0.03307  -0.0225  -0.07304
7  0  0  0.3474  -1.648  -0.2177  0.07434  0.0001719  -0.04142
7  0  1  4.131  -1.359  -0.2649  -0.005554  0.03717  -0.0226
7  1  0  1.031  1.014  -0.2069  -0.005979  0.005858  0.01119
7  1  1  -0.9395  -0.8087  -0.07973  0.001302  -0.06794  -0.04054
7  2  0  4.891  4.299  0.5159  -0.05531  -0.04163  -0.009995
7  2  1  0.06897  -2.597  -0.238  0.02899  -0.01129  0.02569
