0  0  0  -0.818  -1.45  -0.7739  -0.01658  0.01344  -0.0006994
0  0  1  -1.002  5.107  -0.713  -0.01634  0.07484  0.05254
0  1  0  -3.981  1.49  0.403  0.04505  -0.01606  0.01765
0  1  1  -5.815  1.52  0.3465  -0.01275  0.00869  -0.04661
0  2  0  5.673  -1.666  -0.5321  -0.00448  -0.04912  -0.02032
0  2  1  3.769  0.6499  -0.4152  -0.01555  -0.04108  -0.01226
1  0  0  -0.1539  -0.5093  -0.3525  -0.05433  -0.01771  -0.02254
1  0  1  -0.798  -3.278  -0.5784  0.03499  -0.002471  -0.00377
1  1  0  2.642  4.321  0.5392  -0.0489  -0.0005639  -0.02333
1  1  1  0.3966  -0.3564  -0.3889  0.01737  0.004297  -0.05118
1  2  0  -0.006906  -0.2004  0.1491  -0.02593  0.004703  -0.02215
1  2  1  -0.2508  3.396  0.2001  -0.002675  0.06792  -0.02455
2  0  0  -1.621  1.425  -0.1155  0.03319  -0.03943  -0.03579
2  0  1  0.399  -1.531  -0.1087  0.01989  0.04195  0.04535
2  1  0  -1.838  1.492  0.2042  -0.04047  -0.02544  0.04167
2  1  1  -0.5947  0.526  0.3172  -0.01678  -0.02918  -0.003048
2  2  0  1.376  0.5597  -0.6656  -0.004874  -0.008052  -0.06007
2  2  1  3.571  4.732  -0.07908  0.07528  0.01173  0.007237
3  0  0  1.604  -1.089  0.6798  -0.01163  -0.003642  0.003119
3  0  1  1.466  -1.766  -1.321  -0.04476  -0.01179  0.05511
3  1  0  1.183  0.623  -0.2759  -0.04894  0.03117  -0.02785
3  1  1  -1.067  2.981  -0.06061  -0.02441  0.035  -0.00199
3  2  0  3.457  0.1913  -0.6062  -0.01101  -0.03453  0.03974
3  2  1  -2.214  -1.415  0.02736  -0.02415  0.02821  0.02087
4  0  0  -1.674  1.308  0.02861  0.03066  0.03509  -0.03554
4  0  1  -1.336  0.1715  -0.2782  0.0005214  0.0192  0.02389
4  1  0  3.144  -1.301  -0.3943  -0.02353  -0.0578  0.04334
4  1  1  -3.717  -3.966  0.151  0.01942  -0.06686  0.01279
4  2  0  -2.667  -3.62  -0.5959  0.05045  0.00411  -0.002831
4  2  1  0.3122  1.239  0.7861  0.004166  -0.006185  -0.03055
5  0  0  5.545  2.466  0.1291  0.02793  0.004054  -0.03603
5  0  1  -4.701  3.233  0.835  0.06533  0.01816  0.01321
5  1  0  -1.25  -0.09061  0.2916  -0.04548  -0.01623  -0.02498
5  1  1  -0.151  -7.567  0.1221  -0.01879  -0.01245  0.007992
5  2  0  3.831  -1.973  -0.4461  -0.00214  -0.0005287  -0.02637
5  2  1  -0.7392  -1.26  0.3693  -0.02113  -0.01097  0.02958
6  0  0  1.877  0.3925  0.271  -0.002296  -0.03395  -0.02495
6  0  1  -0.09187  -0.2597  0.0938  -0.05016  0.01647  0.02442
6  1  0  1.13  1.955  -0.376  0.02123  -0.05868  0.001401
6  1  1  -2.22  -1.615  0.5528  0.02352  0.001189  0.04328
6  2  0  3.55  -0.6772  -0.3172  0.02219  -0.02862  -0.003363
6  2  1  -3.44  0.2672  -0.6955  -0.06123  -0.01741  -0.0001348
7  0  0  3.017  1.574  0.1624  -0.07623  0.001454  0.003505
7  0  1  -1.281  1.36  0.4679  0.00286  0.0483  -0.004163
7  1  0  1.153  2.687  0.9477  -0.0329  -0.04464  0.02647
7  1  1  3.819  -6.933  -1.268  -0.04306  0.01418  -0.01778
7  2  0  3.048  2.328  -0.2827  0.06733  -0.05336  0.007669
7  2  1  3.88  4.766  0.2105  0.03448  -0.01649  0.01473
