0  0  0  -0.3599  -4.444  -0.259  0.04854  0.02638  -0.07399
0  0  1  -1.371  -2.335  0.2364  0.007881  -0.01727  -6.289e-05
0  1  0  0.4801  2.691  0.2791  0.006327  -0.005448  -0.001301
0  1  1  -4.721  4.83  0.726  0.009712  -0.03659  -0.0184
0  2  0  3.389  -4.301  0.6554  -0.06279  0.02912  -0.07515
0  2  1  -0.2967  1.25  -0.2131  0.04638  -0.0009745  -0.0137
1  0  0  3.827  5.502  0.3539  0.0494  -0.02932  -0.01099
1  0  1  -0.3386  -2.855  0.7745  -0.04545  -0.00784  0.02608
1  1  0  0.4984  2.162  0.3455  0.01491  0.05069  0.02985
1  1  1  1.878  0.9969  -0.01043  0.06194  0.05662  0.02672
1  2  0  5.451  -6.24  -1.11  0.03959  0.00453  0.006628
1  2  1  3.316  -5.598  0.1149  -0.001764  0.01391  0.02601
2  0  0  3.341  -0.7685  0.2135  -0.04306  0.06279  0.05841
2  0  1  1.309  4.274  -0.5518  -0.005861  0.01957  0.008374
2  1  0  -3.753  -2.999  0.7796  -0.0252  -0.02563  -0.02641
2  1  1  0.5281  0.46  0.04057  0.05437  -0.05443  -0.0414
2  2  0  1.572  -3.283  -1.03  -0.00071  -0.00439  -0.01418
2  2  1  -2.544  0.6865  -0.2422  -0.011  0.02705  -0.03301
3  0  0  0.7499  -0.7909  -0.4774  -0.01756  -0.0159  -0.03926
3  0  1  1.279  0.5289  -0.4216  -0.01069  0.01223  0.0357
3  1  0  -3.243  -2.984  -0.02357  0.045  0.04284  0.001993
3  1  1  0.9115  -3.828  0.7185  0.001754  0.08619  -0.03786
3  2  0  2.032  2.192  -0.03247  0.02746  0.04771  0.01948
3  2  1  2.756  3.33  0.04033  0.04056  0.04129  -0.01818
4  0  0  2.442  1.112  0.6295  -0.04087  0.02453  0.03805
4  0  1  -0.6199  -1.869  0.1378  -0.01522  -0.004913  -0.06453
4  1  0  3.668  -0.9403  0.1318  0.03148  -0.01258  0.01123
4  1  1  -3.687  -2.53  -0.133  -0.02264  0.02699  0.00462
4  2  0  -1.847  4.689  0.08374  -0.02172  -0.06742  0.03351
4  2  1  2.016  -1.613  0.9847  -0.02271  -0.04933  0.02567
5  0  0  -0.01812  -7.216  -0.2603  -0.006845  -0.004935  -0.07599
5  0  1  4.888  -3.055  -0.8882  -0.01089  0.02202  0.06199
5  1  0  -8.07  -2.021  -0.01466  0.01018  0.0557  0.08253
5  1  1  1.325  -5.84  1.104  0.02876  0.05137  0.03625
5  2  0  -3.963  -2.122  0.616  0.03742  -0.0327  -0.04534
5  2  1  3.12  1.809  -0.5073  -0.02305  0.003028  -0.009574
6  0  0  0.1225  2.098  0.5759  0.0786  -0.0147  -0.05433
6  0  1  -1.039  0.1901  0.01402  0.05533  -0.02558  -0.001573
6  1  0  -1.901  1.7  0.03804  0.08072  0.03354  -0.01484
6  1  1  -2.74  0.5726  0.6334  0.0004155  -0.008392  0.06216
6  2  0  -0.579  -2.248  0.05613  0.0001326  -0.01671  0.01534
6  2  1  -0.9753  2.941  -0.4758  -0.02668  0.02059  0.000157
7  0  0  -0.7022  1.945  -0.09627  0.08386  -0.1007  -0.03838
7  0  1  -2.71  1.09  -0.4533  0.05026  0.001611  0.02909
7  1  0  0.2891  1.775  -0.7422  0.005582  -0.03913  -0.01805
7  1  1  6.264  -1.96  0.01446  -0.009417  0.03389  -0.00975
7  2  0  -2.043  -3.332  0.1929  0.009279  0.0442  0.04818
7  2  1  1.393  -2.749  -0.006011  -0.03534  -0.04839  -0.04183
