0  0  0  2.197  0.4304  0  -0.124  2.705  1.312
0  0  1  0.6557  1.56  0  0.3783  2.761  -1.603
0  1  0  3.671  0.1084  0  -0.2084  -0.1675  1.14
0  1  1  4.06  1.023  0  -2.221  -1.676  -0.3923
0  2  0  0.1466  1.492  0  -0.6081  -2.305  -0.7589
0  2  1  -0.8639  -2.176  0  -0.6163  -0.1831  -0.5679
1  0  0  -2.86  0.5707  0  -0.7389  -0.9593  -3.738
1  0  1  -2.009  8.332  0  1.441  3.374  0.2023
1  1  0  2.782  5.312  0  -1.017  1.17  1.643
1  1  1  1.223  -1.988  0  0.637  -0.3222  -0.9349
1  2  0  -1.459  -0.9484  0  1.909  1.398  -2.867
1  2  1  -0.2419  -1.75  0  -0.2607  -1.369  4.25
2  0  0  -1.552  3.059  0  -1.168  -1.309  -0.2061
2  0  1  2.814  1.256  0  1.943  0.9093  1.03
2  1  0  4.214  0.5994  0  1.555  -0.2015  2.628
2  1  1  -3.508  2.22  0  -2.417  1.924  -1.575
2  2  0  -0.2578  1.568  0  2.144  0.8713  0.3353
2  2  1  0.3538  -1.189  0  1.265  -0.5239  1.872
3  0  0  -0.6277  -1.01  0  3.321  2.543  -3.526
3  0  1  4.072  3.503  0  -0.8079  -2.298  1.392
3  1  0  0.7556  -3.485  0  3.047  -2.197  0.1364
3  1  1  -3.903  -2.882  0  -3.657  -1.289  -2.439
3  2  0  -4.952  0.8257  0  0.8288  1.543  1.29
3  2  1  1.651  0.2618  0  -1.892  -2.092  0.1205
4  0  0  -1.947  6.133  0  -2.248  2.073  -4.129
4  0  1  -2.963  2.212  0  0.1307  1.976  -1.029
4  1  0  6.141  -0.3317  0  2.919  1.421  0.5975
4  1  1  2.234  -5.33  0  -2.422  0.8988  -1.452
4  2  0  -2.043  -5.764  0  -1.02  2.94  -0.3729
4  2  1  -0.9659  -3.409  0  0.1227  -1.427  2.048
5  0  0  0.932  -0.4612  0  0.1576  2.363  -0.8892
5  0  1  -1.046  -1.129  0  0.6784  -6.3  3.426
5  1  0  2.927  1.107  0  -0.02514  0.7789  0.7443
5  1  1  2.171  1.14  0  0.1545  -1.918  -0.8077
5  2  0  8.255  3.554  0  1.24  2.412  -0.09466
5  2  1  -0.8424  -0.8185  0  0.9684  -0.8104  0.09247
6  0  0  1.925  -0.1562  0  -1.036  2.757  -1.278
6  0  1  -8.173  2.685  0  0.277  1.236  0.6132
6  1  0  -0.4434  0.6533  0  2.315  -1.478  0.8257
6  1  1  0.8789  -0.06661  0  -0.9351  2.562  4.416
6  2  0  4.241  2.49  0  -0.4386  -1.961  1.781
6  2  1  -3.225  -0.4109  0  -0.3943  0.9698  1.022
7  0  0  5.76  -4.308  0  1.799  -2.411  -1.737
7  0  1  -0.4168  -5.656  0  -0.6521  -1.737  -1.801
7  1  0  1.145  2.89  0  0.1831  -0.3948  0.4881
7  1  1  2.199  0.9596  0  -1.38  1.594  3.821
7  2  0  8.862  3.497  0  -2.563  1.324  1.078
7  2  1  -0.6763  -0.6013  0  3.108  1.926  1.689
