0  0  0  6.452  -2.345  -0.4466  -0.01638  0.03948  0.0395
0  0  1  -1.569  -1.975  -0.01889  0.009063  0.03342  -0.00102
0  1  0  -3.262  0.9703  -0.4141  -0.005999  -0.02077  0.002821
0  1  1  -0.4134  1.93  -0.3174  -0.01319  -0.01027  -0.05221
0  2  0  -0.9207  7.022  0.7964  -0.02155  0.03788  0.07802
0  2  1  -1.003  -1.685  -0.04104  -0.04167  0.0512  0.0004126
1  0  0  -3.751  -1.486  -0.07975  0.06081  0.02811  -0.04396
1  0  1  3.158  3.137  -0.13  -0.005389  -0.005118  0.03375
1  1  0  1.203  6.073  0.2137  0.03146  -0.01081  -0.01787
1  1  1  -1.781  -2.343  -0.3459  0.01647  0.000538  -0.02461
1  2  0  0.0197  0.3541  -0.4897  -0.04738  -0.02419  0.009534
1  2  1  -2.779  -0.6371  0.9912  0.008212  -0.03442  0.04389
2  0  0  3.25  5.491  -0.8691  -0.0327  -0.002526  0.08109
2  0  1  -0.9159  3.498  0.03272  0.009709  -0.03001  -0.008112
2  1  0  0.7363  0.2088  0.06944  0.03039  -0.004433  0.02185
2  1  1  -3.706  3.036  -0.367  -0.02775  0.005027  -0.01004
2  2  0  -1.519  4.264  0.1091  0.05172  -0.03554  0.02428
2  2  1  0.3426  -3.194  -0.3102  -0.02905  0.07996  -0.03204
3  0  0  0.9879  -6.069  0.0465  0.03092  -0.04175  -0.02448
3  0  1  0.1739  1.107  -0.4382  0.08006  -0.01006  -0.02151
3  1  0  -0.1878  1.016  0.5412  -0.008777  0.04549  0.02574
3  1  1  -0.6656  -0.1695  0.08442  -0.02448  -0.001277  -0.02341
3  2  0  0.0226  1.389  0.741  -0.006684  0.01029  0.02954
3  2  1  -4.98  1.382  -0.1295  0.0008518  -0.003766  0.03409
4  0  0  1.663  -1.548  0.1496  -0.01962  0.01709  0.01061
4  0  1  -0.02152  -2.385  -0.2658  -0.04256  0.01185  0.001752
4  1  0  -0.02348  -0.6083  -0.1618  0.01734  -0.04724  -0.01919
4  1  1  -2.146  -5.766  1.019  -0.0005129  0.02257  -0.007278
4  2  0  5.62  0.213  -0.3644  0.007185  0.02874  -0.05376
4  2  1  -2.506  1.46  0.4873  0.03602  -0.03138  -0.02242
5  0  0  4.587  2.115  0.4028  0.06337  0.00351  -0.004595
5  0  1  -3.328  -1.641  0.8561  -0.04239  -0.005032  0.01069
5  1  0  -0.01203  -1.152  0.3252  -0.0004904  -0.02204  -0.01237
5  1  1  -2.934  -0.546  0.4912  0.001652  0.004886  -0.02512
5  2  0  1.403  3.932  -0.1709  0.03045  0.05742  -0.05004
5  2  1  -3.344  -2.431  0.6875  -0.01534  0.02363  0.02098
6  0  0  -2.281  1.712  -0.3283  -0.02138  0.0564  -0.007588
6  0  1  0.2867  3.643  -0.3306  0.08471  0.005834  0.009692
6  1  0  -2.101  -2.934  0.3213  0.07296  0.04796  -0.00625
6  1  1  3.008  2.675  -0.3245  -0.0469  -0.01723  0.01514
6  2  0  2.674  1.063  -0.03524  -0.00651  -0.002708  -0.003921
6  2  1  -2.576  -0.08283  -0.2229  0.03572  -0.02051  -0.004731
7  0  0  -1.731  -1.034  -0.03308  0.05596  -0.007306  -0.06978
7  0  1  1.16  -5.695  0.4172  0.04211  -0.0222  0.01698
7  1  0  -1.703  -2.811  1.158  -0.005709  -0.02236  0.02136
7  1  1  1.844  0.3496  -0.5943  -0.01284  0.04037  -0.02204
7  2  0  3.107  -0.4379  0.7446  -0.018  -0.0394  -0.01101
7  2  1  -3.84  -2.941  -0.3447  0.0145  0.009662  -0.01122
