0  0  0  4.919  5.469  0  -2.235  -1.583  -1.388
0  0  1  -6.964  -0.8204  0  2.247  0.119  0.5803
0  1  0  -1.221  0.5761  0  0.7569  0.4361  -1.813
0  1  1  1.452  0.7755  0  1.745  0.7302  -1.288
0  2  0  -1.138  1.11  0  0.6859  1.458  2.257
0  2  1  -2.031  1.124  0  0.2865  -1.134  2.383
1  0  0  0.07505  -2.879  0  -0.3321  3.129  -1.499
1  0  1  0.8832  0.8558  0  4.374  -0.2661  -3.065
1  1  0  -2.163  -3.117  0  1.003  -1.389  -0.2503
1  1  1  1.471  -2.638  0  1.774  0.3274  -3.099
1  2  0  5.618  -1.034  0  0.7603  2.365  -0.009029
1  2  1  1.072  -0.4349  0  1.413  -0.2281  -1.813
2  0  0  1.91  4.249  0  1.17  1.103  0.1849
2  0  1  4.138  2.908  0  -1.465  -0.9052  1.411
2  1  0  -3.562  -0.1012  0  1.306  -0.8506  -0.6754
2  1  1  -0.909  -0.03604  0  2.091  4.287  0.9845
2  2  0  0.4873  0.5102  0  -1.649  4.941  1.988
2  2  1  -2.179  2.053  0  -1.572  -1.216  -1.597
3  0  0  -0.07518  7.632  0  -4.448  4.487  -1.029
3  0  1  2.402  -5.386  0  1.718  -0.2725  -2.18
3  1  0  -3.187  3.44  0  0.521  -1.393  3.329
3  1  1  2.999  2.798  0  0.5658  0.8443  0.2242
3  2  0  3.628  -3.163  0  0.5291  -0.8707  -1.998
3  2  1  3.098  4.977  0  4.751  -0.3048  1.408
4  0  0  -0.04375  1.136  0  2.39  1.524  -0.5174
4  0  1  -0.1158  -2.767  0  0.6689  -1.991  -3.694
4  1  0  2.931  -4.803  0  -0.3819  2.903  -2.073
4  1  1  -1.942  5.62  0  -1.877  -0.3955  -0.272
4  2  0  2.308  0.3727  0  -2.435  -1.767  -0.5179
4  2  1  1.714  -3.931  0  2.011  3.14  2.221
5  0  0  -3.446  3.799  0  1.366  -1.13  -0.2445
5  0  1  -1.618  -2.011  0  0.5205  -0.9652  -1.141
5  1  0  0.3692  -2.048  0  -2.011  0.6521  1.74
5  1  1  -2.328  -0.6244  0  -0.6375  0.8257  -4.63
5  2  0  4.977  1.676  0  0.6763  -0.1596  -2.723
5  2  1  5.801  -2.633  0  -1.707  -1.842  0.004774
6  0  0  2.915  3.634  0  2.613  1.667  -2.508
6  0  1  -1.282  -0.2623  0  0.1947  -2.407  2.301
6  1  0  -0.6833  2.125  0  3.345  -0.01639  2.1
6  1  1  -2.758  0.5093  0  0.9115  2.328  -1.691
6  2  0  -0.6157  1.825  0  1.528  5.274  -1.324
6  2  1  -0.7953  1.149  0  1.41  -2.809  -6.146
7  0  0  0.5439  1.918  0  1.843  2.351  1.24
7  0  1  -1.846  -2.019  0  0.4395  -0.6279  -0.5318
7  1  0  1.468  2.521  0  1.777  -0.5214  -2.697
7  1  1  1.442  -0.0317  0  -0.08344  2.403  -3.204
7  2  0  2.025  2.905  0  4.285  0.1545  0.7396
7  2  1  5.7  2.652  0  0.2378  2.515  1.103
