0  0  0  4.919  5.469  -0.0439  -0.03901  -0.02763  -0.02423
0  0  1  -6.964  -0.8204  -0.5708  0.03922  0.002077  0.01013
0  1  0  -1.221  0.5761  -0.3581  0.01321  0.007613  -0.03165
0  1  1  1.452  0.7755  -0.01042  0.03046  0.01275  -0.02249
0  2  0  -1.138  1.11  -0.0617  0.01197  0.02545  0.03939
0  2  1  -2.031  1.124  -0.07653  0.005001  -0.0198  0.0416
1  0  0  0.07505  -2.879  0.2365  -0.005796  0.05461  -0.02617
1  0  1  0.8832  0.8558  0.3385  0.07634  -0.004645  -0.0535
1  1  0  -2.163  -3.117  -0.3796  0.01751  -0.02425  -0.004368
1  1  1  1.471  -2.638  0.4728  0.03097  0.005716  -0.0541
1  2  0  5.618  -1.034  0.03224  0.01327  0.04128  -0.0001576
1  2  1  1.072  -0.4349  0.05749  0.02466  -0.003982  -0.03165
2  0  0  1.91  4.249  0.1192  0.02042  0.01925  0.003227
2  0  1  4.138  2.908  0.1651  -0.02558  -0.0158  0.02462
2  1  0  -3.562  -0.1012  0.1979  0.0228  -0.01485  -0.01179
2  1  1  -0.909  -0.03604  -0.2147  0.03651  0.07483  0.01718
2  2  0  0.4873  0.5102  0.5636  -0.02878  0.08625  0.0347
2  2  1  -2.179  2.053  -0.5884  -0.02745  -0.02122  -0.02788
3  0  0  -0.07518  7.632  -0.3663  -0.07764  0.07832  -0.01797
3  0  1  2.402  -5.386  -0.9763  0.02998  -0.004757  -0.03806
3  1  0  -3.187  3.44  0.6587  0.009094  -0.02432  0.05811
3  1  1  2.999  2.798  -0.1186  0.009876  0.01474  0.003913
3  2  0  3.628  -3.163  -0.09071  0.009236  -0.0152  -0.03488
3  2  1  3.098  4.977  0.2879  0.08293  -0.00532  0.02458
4  0  0  -0.04375  1.136  -0.3947  0.04172  0.0266  -0.009032
4  0  1  -0.1158  -2.767  -0.7327  0.01168  -0.03476  -0.06447
4  1  0  2.931  -4.803  -0.1982  -0.006667  0.05068  -0.03618
4  1  1  -1.942  5.62  0.07472  -0.03276  -0.006903  -0.004748
4  2  0  2.308  0.3727  0.1069  -0.04251  -0.03084  -0.00904
4  2  1  1.714  -3.931  0.04968  0.0351  0.05481  0.03876
5  0  0  -3.446  3.799  0.06751  0.02385  -0.01973  -0.004268
5  0  1  -1.618  -2.011  0.3942  0.009085  -0.01685  -0.01992
5  1  0  0.3692  -2.048  -0.6858  -0.0351  0.01138  0.03037
5  1  1  -2.328  -0.6244  -0.04512  -0.01113  0.01441  -0.08082
5  2  0  4.977  1.676  0.2675  0.0118  -0.002785  -0.04754
5  2  1  5.801  -2.633  0.3056  -0.0298  -0.03215  8.334e-05
6  0  0  2.915  3.634  0.6567  0.04561  0.0291  -0.04378
6  0  1  -1.282  -0.2623  -1.123  0.003398  -0.04202  0.04016
6  1  0  -0.6833  2.125  0.3286  0.05838  -0.0002862  0.03666
6  1  1  -2.758  0.5093  0.3831  0.01591  0.04063  -0.02951
6  2  0  -0.6157  1.825  -0.692  0.02667  0.09205  -0.02311
6  2  1  -0.7953  1.149  -0.8686  0.02461  -0.04903  -0.1073
7  0  0  0.5439  1.918  0.5028  0.03217  0.04103  0.02165
7  0  1  -1.846  -2.019  0.03604  0.007671  -0.01096  -0.009282
7  1  0  1.468  2.521  -0.4426  0.03102  -0.0091  -0.04708
7  1  1  1.442  -0.0317  -0.1314  -0.001456  0.04194  -0.05592
7  2  0  2.025  2.905  -0.3707  0.0748  0.002697  0.01291
7  2  1  5.7  2.652  0.8545  0.004151  0.0439  0.01925
