0  0  0  0.4357  1.798  0  2.099  0.4534  2.472
0  0  1  1.607  -0.8648  0  3.447  0.9148  -1.034
0  1  0  6.064  1.059  0  0.2153  0.2833  -0.9775
0  1  1  2.196  3.203  0  2.074  -0.7872  -0.4289
0  2  0  2.906  -3.78  0  1.24  -3.815  0.9995
0  2  1  1.008  2.945  0  1.062  -3.182  -0.8674
1  0  0  -1.499  2.07  0  2.302  1.079  0.6511
1  0  1  -2.846  -3.918  0  -1.753  0.7589  -0.9204
1  1  0  0.5442  2.167  0  -0.9387  0.6059  -1.481
1  1  1  0.7513  -0.8714  0  -2.689  -1.333  0.4408
1  2  0  2.731  2.054  0  0.04028  1.944  -3.304
1  2  1  -1.994  1.869  0  -1.122  2.429  1.787
2  0  0  4.137  0.7953  0  -2.036  -2.478  0.142
2  0  1  3.315  2.363  0  2.989  -1.517  -0.5088
2  1  0  3.262  -1.518  0  0.4334  2.47  1.748
2  1  1  1.642  -5.085  0  0.9366  -1.145  -2.211
2  2  0  -3.765  -5.704  0  -2.573  1.608  4.504
2  2  1  -5.525  2.548  0  3.778  0.702  2.123
3  0  0  0.9024  -2.697  0  4.395  -1.09  0.3775
3  0  1  1.622  4.219  0  0.3279  0.2042  2.403
3  1  0  1.538  0.3053  0  -0.5767  -0.483  -0.9801
3  1  1  -0.1417  1.148  0  1.04  3.017  -0.1911
3  2  0  1.834  0.1813  0  -1.488  -0.8476  2.753
3  2  1  6.547  -0.338  0  3.38  2.806  -3.436
4  0  0  3.811  3.92  0  2.022  -1.444  -0.3106
4  0  1  -3.93  5.468  0  0.9159  1.93  3.085
4  1  0  0.2315  3.132  0  0.2348  3.375  1.598
4  1  1  2.578  1.034  0  -1.695  0.4788  2.909
4  2  0  -6.014  1.752  0  -0.6167  2.012  -1.837
4  2  1  0.295  -0.7134  0  0.7681  1.603  2.816
5  0  0  0.9699  -2.469  0  0.04774  -1.685  0.7667
5  0  1  1.279  4.522  0  -1.39  2.226  1.996
5  1  0  0.1135  3.521  0  -2.464  -2.629  -0.5993
5  1  1  -3.861  -0.01129  0  -0.09333  -3.149  0.2157
5  2  0  -0.8876  2.363  0  0.2143  -0.4244  -0.138
5  2  1  2.752  4.653  0  0.1524  0.3478  1.626
6  0  0  -0.1945  -1.158  0  1.161  0.4883  -2.4
6  0  1  -2.628  2.319  0  -0.5056  0.5441  4.743
6  1  0  -0.497  1.684  0  -2.78  -0.2804  1.87
6  1  1  3.085  -3.676  0  0.269  -3.466  -1.269
6  2  0  7.069  -0.758  0  1.298  -3.394  0.6258
6  2  1  -0.07085  1.523  0  3.225  5.276  -1.007
7  0  0  -3.383  -0.4403  0  0.7948  1.053  0.2365
7  0  1  1.498  -0.4931  0  1.974  -2.96  -1.821
7  1  0  -0.2625  -3.318  0  3.356  3.218  -3.74
7  1  1  -2.273  -2.22  0  -3.957  0.2397  -2.016
7  2  0  0.6287  -0.3029  0  -1.993  -1.207  2.02
7  2  1  4.204  2.437  0  3.384  -3.676  -1.088
