0  0  0  0.1377  1.546  0  0.4805  0.4849  0.005397
0  0  1  1.342  2.361  0  -3.834  1.48  3.632
0  1  0  -1.98  3.141  0  -1.36  -0.5745  -0.9319
0  1  1  -0.4351  1.989  0  -0.02935  2.355  -3.584
0  2  0  2.831  -2.197  0  -0.9514  0.9882  3.17
0  2  1  -4.698  0.697  0  -1.443  -2.504  0.7343
1  0  0  3.499  7.654  0  0.09718  -3.13  0.7522
1  0  1  -1.198  1.406  0  0.4406  -2.061  3.548
1  1  0  5.852  -1.378  0  0.09713  -0.1423  -0.4085
1  1  1  5.479  0.6029  0  -0.4667  -0.5068  -1.116
1  2  0  0.9104  -4.399  0  1.308  2.887  1.773
1  2  1  -2.552  -6.13  0  -1.616  1.748  -0.9788
2  0  0  -1.98  5.533  0  1.11  0.3959  1.069
2  0  1  0.1277  2.422  0  0.5265  -1.205  -1.563
2  1  0  -0.519  -0.9751  0  0.328  3.064  1.469
2  1  1  4.779  0.3395  0  -0.4125  -2.172  2.322
2  2  0  4.518  2.967  0  1.997  -0.6867  -2.244
2  2  1  -5.61  -4.986  0  4.988  -0.3307  1.535
3  0  0  -2.631  -2.444  0  -0.1779  0.9467  -1.12
3  0  1  -1.551  -3.169  0  -0.5775  -2.946  3
3  1  0  -1.363  2.229  0  0.8683  0.1846  -0.1736
3  1  1  1.915  -1.681  0  -1.486  -0.1431  -0.03011
3  2  0  -1.91  6.499  0  -1.46  -1.526  -2.102
3  2  1  3.627  -1.515  0  2.444  0.3052  -0.3767
4  0  0  2.532  -0.3312  0  -3.455  1.307  -1.625
4  0  1  -2.555  -4.291  0  -3.139  -0.8886  3.008
4  1  0  -2.258  -0.4526  0  -1.01  -2.791  -0.1745
4  1  1  0.2514  -3.283  0  1.49  2.278  1.721
4  2  0  -0.9651  2.296  0  1.39  -0.1034  -2.484
4  2  1  -3.329  3.35  0  2.558  -0.1374  1.227
5  0  0  1.043  -1.177  0  -0.02876  -0.1682  -0.2975
5  0  1  0.04997  5.626  0  -0.8011  3.406  -0.6009
5  1  0  1.021  -4.819  0  -0.1383  -0.8437  0.2802
5  1  1  1.962  -0.03668  0  4.15  -0.4974  0.2219
5  2  0  -3.405  1.482  0  -4.432  1.478  -0.9214
5  2  1  -0.7366  -3.4  0  0.2214  3.462  2.108
6  0  0  -2.425  -0.8956  0  2.591  -0.7993  -1.521
6  0  1  -2.758  5.548  0  0.4592  -5.811  0.5407
6  1  0  -2.247  0.9056  0  -1.984  1.635  1.665
6  1  1  1.614  -1.382  0  2.926  2.698  -0.5229
6  2  0  -0.9024  -0.7534  0  -0.02947  -1.608  -1.34
6  2  1  -1.164  4.396  0  -3.543  -2.57  0.5086
7  0  0  -0.1662  1.725  0  0.4892  0.3375  2.988
7  0  1  7.673  -1.796  0  -0.7451  -1.722  -0.09218
7  1  0  -2.622  -1.303  0  -1.049  1.912  0.2452
7  1  1  -0.3574  2.001  0  -0.6852  -3.108  -1.864
7  2  0  -2.933  5.495  0  2.562  -1.192  0.5384
7  2  1  0.3822  0.9614  0  -3.639  -1.572  -3.782
