0  0  0  7.135  -2.161  0  -2.084  -3.084  0.8278
0  0  1  0.2597  0.3828  0  2.134  0.175  0.6201
0  1  0  -1.57  -5.728  0  1.731  2.037  -0.6639
0  1  1  0.3317  1.046  0  -1.156  0.4868  -1.206
0  2  0  1.593  -0.2282  0  3.144  -0.1832  1.152
0  2  1  -4.628  4.252  0  1.44  2.279  -3.05
1  0  0  -1.219  1.045  0  -1.321  0.1761  3.277
1  0  1  -0.257  2.025  0  2.075  1.152  0.3661
1  1  0  -0.3756  -1.626  0  1.466  0.357  -3.042
1  1  1  2.026  2.72  0  -4.362  -1.532  -3.199
1  2  0  3.207  -6.281  0  1.313  -1.617  0.2364
1  2  1  1.301  0.09326  0  2.165  -2.703  -2.794
2  0  0  3.515  -8.65  0  -1.256  3.796  0.8729
2  0  1  -0.6103  0.3514  0  -0.1895  0.1729  1.142
2  1  0  3.226  1.257  0  0.1566  3.702  -2.543
2  1  1  1.72  7.101  0  -1.016  0.434  -1.009
2  2  0  4.532  2.527  0  -1.828  0.2981  1.275
2  2  1  -1.636  3.644  0  0.3115  -2.098  1.063
3  0  0  -2.177  -1.726  0  1.526  -2.34  0.1447
3  0  1  -0.6839  -0.1647  0  2.471  -0.1893  -1.106
3  1  0  -1.901  1.076  0  -1.14  3.092  2.144
3  1  1  -5.131  0.5657  0  4.035  1.254  1.096
3  2  0  2.058  9.304  0  1.853  3.177  -2.09
3  2  1  2.184  -0.8991  0  -0.2887  0.4895  5.255
4  0  0  6.857  -0.9001  0  -1.418  -0.3958  4.096
4  0  1  3.016  -4.847  0  1.436  -1.744  1.613
4  1  0  3.785  -2.358  0  -1.483  2.749  0.795
4  1  1  1.968  -4.259  0  -2.226  1.668  -1.802
4  2  0  -0.6066  1.37  0  -1.784  1.457  2.566
4  2  1  -3.321  3.476  0  0.672  0.533  -1.634
5  0  0  -3.065  -1.315  0  0.09728  -0.06057  -1.336
5  0  1  -3.56  -0.5806  0  0.6808  -0.6763  -0.323
5  1  0  4.191  -0.0501  0  2.245  0.2063  -0.9753
5  1  1  -4.165  3.402  0  1.305  4.242  2.245
5  2  0  2.56  -0.6341  0  -0.6282  3.506  -0.4444
5  2  1  -2.886  -1.406  0  -0.1346  0.253  1.673
6  0  0  -3.52  -4.35  0  1.361  -3.266  1.059
6  0  1  -0.653  0.5927  0  -4.963  -3.061  -1.322
6  1  0  0.5087  -0.9856  0  -0.1272  0.1706  -3.249
6  1  1  -3.309  -0.4888  0  -3.133  -1.103  -0.5951
6  2  0  -2.052  1.452  0  0.9555  1.78  1.365
6  2  1  -0.653  -0.11  0  0.1811  -0.778  -1.119
7  0  0  0.05273  -2.136  0  3.091  0.7633  1.833
7  0  1  3.718  1.08  0  1.772  2.13  2.25
7  1  0  3.057  2.648  0  3.733  -0.2331  2.525
7  1  1  3.508  -1.158  0  2.305  -0.874  2.216
7  2  0  -0.3638  -5.017  0  0.4298  4.246  0.4961
7  2  1  3.706  -6.111  0  -1.237  0.6808  0.4152
