0  0  0  1.07  -1.632  0  -1.372  -1.332  -2.781
0  0  1  -0.5564  -1.74  0  4.889  -1.843  -0.8991
0  1  0  -0.6646  0.1312  0  1.567  0.2294  1.484
0  1  1  -2.628  1.568  0  5.147  -0.4182  0.9148
0  2  0  1.729  3.766  0  -1.346  2.279  2.055
0  2  1  -0.6116  -1.82  0  0.2705  1.987  -0.1931
1  0  0  -0.6494  1.384  0  0.1696  1.551  -0.9797
1  0  1  2.301  -5.719  0  2.136  1.422  -1.619
1  1  0  -1.839  0.3535  0  -3.794  4.358  -3.683
1  1  1  2.938  0.4882  0  2.271  1.113  -0.4295
1  2  0  1.689  -2.918  0  -2.728  1.721  1.222
1  2  1  4.296  2.088  0  -2.489  -0.7541  -3.852
2  0  0  4.422  0.6711  0  0.1191  3.481  -0.9037
2  0  1  -0.3809  2.499  0  -6.978  -0.2768  -1.251
2  1  0  3.661  -3.653  0  4.512  1.77  0.7677
2  1  1  0.3022  -0.4616  0  3.907  -0.5876  -0.3433
2  2  0  -0.7044  2.954  0  1.289  -3.332  -0.06592
2  2  1  2.18  -1.732  0  1.981  -0.5203  -2.729
3  0  0  0.7767  2.081  0  -3.586  -3.728  -0.8941
3  0  1  1.211  -1.924  0  -0.5427  -1.528  1.974
3  1  0  3.265  -2.911  0  -0.6708  3.271  -0.4414
3  1  1  -1.749  -4.299  0  -2.667  -3.132  0.9533
3  2  0  -0.8798  3.157  0  -0.5763  -1.667  3.349
3  2  1  4.493  -0.6703  0  0.01409  -0.1386  0.2899
4  0  0  -2.24  3.735  0  1.4  -3.066  2.171
4  0  1  -0.574  -3.064  0  0.3109  -2.718  -1.974
4  1  0  -3.704  -0.3926  0  0.9876  0.4291  2.969
4  1  1  0.4807  1.135  0  0.5787  -2.847  2.36
4  2  0  -1.581  0.1478  0  -0.7945  -1.968  0.559
4  2  1  -0.7029  2.761  0  -0.2479  -1.329  1.114
5  0  0  -5.006  -1.658  0  -0.1541  1.77  2.228
5  0  1  -1.685  -0.4487  0  -0.323  2.057  -0.116
5  1  0  -4.219  -3.354  0  1.308  -3.494  -1.36
5  1  1  -2.619  1.008  0  1.423  1.225  1.832
5  2  0  -0.9201  -5.74  0  0.3611  3.511  1.763
5  2  1  3.81  5.992  0  -2.216  0.8265  1.456
6  0  0  -4.706  2.656  0  -1.894  -0.027  -0.9149
6  0  1  -2.529  1.717  0  0.4133  1.688  -2.741
6  1  0  -5.469  0.5364  0  -3.966  -0.1659  -0.9911
6  1  1  -1.091  3.42  0  -1.748  -1.685  3.886
6  2  0  -1.714  -2.2  0  3.485  0.479  -1.328
6  2  1  -2.702  3.911  0  0.007874  0.257  2.341
7  0  0  -3.408  -1.859  0  2.406  -0.7974  -1.009
7  0  1  -4.153  4.604  0  -4.163  4.032  1.945
7  1  0  -4.857  0.2597  0  1.655  0.4435  1.355
7  1  1  -0.7615  -0.6827  0  -1.502  -3.01  1.108
7  2  0  -0.313  -4.091  0  4.535  -0.04066  1.328
7  2  1  0.9609  -2.237  0  -0.8116  -3.722  0.0713
