0  0  0  -1.834  -0.215  -0.3438  -0.03893  -0.04716  0.01159
0  0  1  0.1589  2.94  -0.5777  0.003346  -0.006099  0.001525
0  1  0  -0.8885  3.044  0.2869  -0.009054  -0.008186  -0.05127
0  1  1  -1.356  1.452  0.1768  -0.008267  0.006014  0.002644
0  2  0  0.1003  -2.849  0.09599  -0.0238  0.0007723  -0.0003947
0  2  1  -1.119  -6.263  0.7317  0.04075  -0.002145  -0.05286
1  0  0  1.872  -5.571  -0.7607  0.01462  0.02026  -0.03293
1  0  1  7.255  -2.885  -0.3815  0.008299  -0.0006499  -0.03733
1  1  0  0.4361  0.6338  -0.09669  0.05685  -0.00141  -0.05319
1  1  1  2.508  -0.4637  -0.1499  0.03837  -0.01771  -0.008601
1  2  0  -0.6723  -1.342  0.93  0.07362  -0.01553  0.0498
1  2  1  -0.9048  -3.118  0.9509  -0.00555  0.02035  -0.01845
2  0  0  3.754  -1.239  -0.1156  -0.005507  -0.04747  0.01492
2  0  1  -0.5368  1.917  -0.4415  -0.01735  -0.05406  -0.03189
2  1  0  5.704  1.038  0.275  -0.01424  -0.01255  -0.06594
2  1  1  0.1698  9.048  -0.1864  0.03837  0.02296  0.02461
2  2  0  -0.636  -3.944  -0.636  0.0383  0.07956  -0.01218
2  2  1  1.31  0.8961  0.3165  0.01496  -0.01639  -0.06056
3  0  0  -0.6031  3.676  0.2028  -0.02492  0.02923  0.04665
3  0  1  -1.126  -3.656  -0.2375  0.009259  0.006334  -0.02742
3  1  0  -4.776  -4.344  0.931  0.0822  0.01377  0.002974
3  1  1  -2.531  5.03  0.1392  -0.004522  0.00868  0.03977
3  2  0  2.569  3.413  0.8515  0.01303  0.01348  0.03437
3  2  1  0.3104  -1.055  -0.2028  -0.00601  0.03395  -0.01839
4  0  0  -1.95  -1.577  0.1822  -0.05005  0.01025  -0.008429
4  0  1  5.669  2.068  -0.4129  -0.04269  -0.01899  0.03064
4  1  0  -4.593  1.689  -1.066  0.0478  0.01087  0.008208
4  1  1  0.219  0.8902  0.4786  -0.03201  -0.04309  -0.005203
4  2  0  -1.388  -1.839  -0.0727  0.01059  -0.01874  -0.03212
4  2  1  2.157  1.947  -1.172  0.07766  0.03755  -0.01968
5  0  0  -1.529  -0.5475  0.08856  0.06462  -0.02213  0.07439
5  0  1  5.631  -1.731  0.4746  0.001254  -0.00856  0.03857
5  1  0  -2.642  0.1195  0.4855  -0.0351  -0.01203  0.01873
5  1  1  3.187  -3.266  0.2848  0.0697  0.03257  0.00781
5  2  0  2.359  0.3731  0.3032  -0.00769  -0.05097  -0.02145
5  2  1  1.728  1.441  0.1354  -0.01223  -0.02061  -0.04028
6  0  0  -6.13  -3.812  0.3434  0.01828  0.02103  0.02411
6  0  1  5.371  0.1296  -0.7151  -0.01407  0.007064  0.04356
6  1  0  2.789  6.082  -0.3202  -0.004276  -0.005575  -0.02751
6  1  1  -3.015  1.942  -0.2028  0.01969  -0.04214  0.02147
6  2  0  -1.083  -4.325  0.08551  -0.009637  -0.02905  -0.03549
6  2  1  -2.049  -4.765  0.1276  -0.001426  0.01641  0.0301
7  0  0  -4.547  -0.6298  0.3114  0.03317  -0.02015  -0.01249
7  0  1  2.44  2.986  0.2992  0.07851  0.04001  0.0103
7  1  0  0.1447  -7.513  -0.2991  -0.02006  -0.002632  0.017
7  1  1  4.403  1.214  -0.1521  0.006698  -0.02545  -0.01341
7  2  0  1.008  1.711  0.02221  -0.02275  -0.01785  0.01803
7  2  1  -2.308  -3.635  0.2004  0.0329  0.03047  0.000292
