0  0  0  -2.098  1.138  0  -1.233  1.582  -0.6591
0  0  1  3.746  2.779  0  0.7589  1.37  1.411
0  1  0  -0.8259  -1.208  0  5.057  4.253  -0.6877
0  1  1  6.854  0.5408  0  1.953  -0.6523  -0.7055
0  2  0  0.1706  -1.389  0  -0.2589  1.969  -0.07937
0  2  1  0.2506  0.3579  0  -0.3418  0.02134  1.944
1  0  0  -0.9327  -2.9  0  1.578  -2.888  -0.3376
1  0  1  4.028  -4.998  0  -2.786  -3.659  -0.2588
1  1  0  3.307  -1.912  0  -3.257  0.9579  -2.785
1  1  1  4.138  -5.151  0  -2.475  0.2002  -0.4593
1  2  0  1.397  -0.7311  0  2.159  -0.804  0.4693
1  2  1  -0.6407  -0.1905  0  1.894  -0.1539  2.505
2  0  0  -1.5  1.856  0  -0.8525  -0.1293  -1.519
2  0  1  -0.4592  -1.008  0  -1.757  -0.9801  0.6991
2  1  0  2.041  0.5268  0  -1.891  -0.5094  -2.01
2  1  1  -0.7464  2.657  0  1.176  -2.868  -1.637
2  2  0  -4.868  -1.857  0  1.876  -2.945  -5.872
2  2  1  0.7027  -2.748  0  1.652  1.327  1.117
3  0  0  0.6277  1.324  0  0.2902  -0.09207  2.509
3  0  1  0.8185  0.04142  0  2.42  -1.468  0.7041
3  1  0  2.032  -1.978  0  -0.914  2.176  -2.676
3  1  1  0.7569  1.307  0  1.294  2.086  -0.6202
3  2  0  -0.4743  -1.285  0  -0.299  0.3868  0.4759
3  2  1  -2.3  1.491  0  -2.755  1.855  2.706
4  0  0  -2.089  -0.1073  0  2.588  0.08204  -1.695
4  0  1  4.9  1.338  0  3.052  -1.509  2.021
4  1  0  3.649  1.915  0  1.033  1.035  0.4502
4  1  1  0.7039  0.01167  0  -1.866  -0.862  1.36
4  2  0  0.8458  3.108  0  -2.076  2.502  -1.454
4  2  1  2.395  -4.728  0  -1.285  1.543  1.355
5  0  0  -4.413  -0.3956  0  -0.6884  3.648  -1.782
5  0  1  -1.901  1.377  0  1.91  -2.135  -0.1662
5  1  0  1.534  0.3199  0  1.228  0.1081  -3.443
5  1  1  2.653  -1.555  0  -1.488  -1.355  -2.187
5  2  0  1.118  4.67  0  -2.11  -2.455  -2.868
5  2  1  2.357  -1.861  0  -0.08849  -0.7272  0.7289
6  0  0  2.451  4.445  0  3.648  6.126  -3.453
6  0  1  -0.1128  -1.396  0  -0.8139  -1.015  -1.212
6  1  0  3.008  -0.6464  0  0.5714  2.501  -1.259
6  1  1  0.9872  -1.603  0  -4.988  1.337  1.893
6  2  0  -2.685  9.038  0  2.146  1.422  -1.513
6  2  1  2.802  -0.1133  0  1.894  -1.289  -4.185
7  0  0  0.3474  -1.648  0  4.259  0.009846  -2.373
7  0  1  4.131  -1.359  0  -0.3182  2.129  -1.295
7  1  0  1.031  1.014  0  -0.3426  0.3356  0.6411
7  1  1  -0.9395  -0.8087  0  0.0746  -3.892  -2.323
7  2  0  4.891  4.299  0  -3.169  -2.385  -0.5726
7  2  1  0.06897  -2.597  0  1.661  -0.6469  1.472
