0  0  0  -0.6808  -1.386  -1.359  0.001924  -0.00696  -0.006199
0  0  1  -2.762  1.759  -0.6237  0.02283  0.03492  0.03436
0  1  0  -2.166  6.454  -0.1125  -0.02463  0.03393  0.05113
0  1  1  0.5118  3.225  0.126  -0.02566  0.01205  -0.0006191
0  2  0  -2.056  2.373  0.327  -0.01729  0.0214  -0.02899
0  2  1  -0.5274  1.006  0.1499  -0.04719  0.02589  -0.04733
1  0  0  -4.538  -0.5038  -0.1408  -0.01762  -0.03296  0.03986
1  0  1  3.686  -1.119  0.1715  0.004786  0.0875  -0.01195
1  1  0  0.1659  4.795  0.06565  -0.003974  0.006649  0.01349
1  1  1  -0.8859  0.7868  0.5045  0.02969  0.01484  -0.04922
1  2  0  -0.9743  -0.8166  0.5788  -0.07769  -0.01732  0.03517
1  2  1  4.953  0.7653  0.1632  -0.008829  0.03382  0.03054
2  0  0  -2.288  -2.935  -0.3499  0.04506  0.01542  -0.01701
2  0  1  -1.303  3.005  0.5304  -0.06286  0.01836  0.02985
2  1  0  3.923  1.266  0.4182  -0.02517  -0.02438  0.0291
2  1  1  4.407  0.4995  -0.4118  -0.007195  -0.008348  -0.01739
2  2  0  0.05502  2.893  0.2136  -0.005788  -0.004804  0.03628
2  2  1  -0.03412  -2.533  0.1142  0.02472  0.02616  -0.02637
3  0  0  2.037  -2.722  0.5184  -0.006346  0.01036  -0.003069
3  0  1  1.668  -6.12  0.1604  -0.07341  0.004938  -0.03272
3  1  0  -0.0109  -4.04  -0.2556  -0.03189  -0.05031  -0.03118
3  1  1  1.943  -2.131  0.1947  -0.004127  0.04314  -0.03151
3  2  0  1.315  -4.505  0.6994  0.04867  -0.05867  0.07344
3  2  1  -4.847  0.1124  -0.3388  0.01794  -0.00122  -0.0277
4  0  0  2.761  -0.2205  0.2995  0.02869  -0.03647  0.01884
4  0  1  4.637  -2.96  0.8379  0.006018  -0.01598  0.009521
4  1  0  -1.184  -1.46  0.0204  0.001764  -0.01325  0.009904
4  1  1  2.438  1.894  0.3014  -0.01046  -0.03147  0.005491
4  2  0  2.562  0.4338  -0.6708  0.001157  0.03069  -0.03128
4  2  1  1.861  1.394  -0.2824  -0.02038  0.0002744  0.05021
5  0  0  -0.5107  -0.03314  -0.5692  -0.05668  0.05745  0.05153
5  0  1  1.892  -4.413  0.2062  0.008041  -0.007973  -0.01632
5  1  0  2.759  -3.995  0.1921  0.08216  -0.02886  0.01453
5  1  1  0.9551  -1.116  -0.7145  -0.07723  -0.02821  -0.03064
5  2  0  -1.142  5.436  5.599e-05  -0.03445  -0.03355  0.003055
5  2  1  1.318  -0.843  -0.2797  0.008861  -0.001917  0.002953
6  0  0  -4.37  0.5011  0.1384  0.0269  0.06142  0.02038
6  0  1  1.21  -3.41  -0.2435  0.01982  0.02607  -0.001117
6  1  0  1.954  -4.214  0.07866  -0.04752  0.03119  -0.03534
6  1  1  2.458  -3.367  -0.04751  -0.02608  0.0001422  -0.005589
6  2  0  -3.145  1.992  0.242  0.002184  0.04228  -0.02812
6  2  1  0.1018  0.9008  -0.01058  0.03644  -0.02693  0.02607
7  0  0  -1.442  1.839  -0.03434  0.03348  -0.02161  0.0471
7  0  1  6.337  6.293  0.04657  -0.006839  0.0403  0.03861
7  1  0  -1.096  -1.642  -0.2418  -0.00615  -0.05712  0.03787
7  1  1  1.873  2.021  -0.6792  0.04225  0.05495  -0.004186
7  2  0  -0.2218  0.7253  0.02134  -0.007883  -0.01073  -0.01872
7  2  1  -1.098  3.033  0.753  0.02281  0.05019  0.002611
