0  0  0  -3.33  -1.842  0  -0.9683  1.25  0.1182
0  0  1  -2.473  0.9392  0  1.698  0.8024  -0.6781
0  1  0  -1.373  1.053  0  2.323  -0.2047  -0.2617
0  1  1  -0.4901  1.251  0  1.869  0.1291  1.072
0  2  0  -3.18  -3.12  0  1.573  0.3723  -0.5686
0  2  1  -3.369  -3.825  0  2.199  2.302  0.134
1  0  0  -1.469  -1.876  0  2.141  -0.816  -1.968
1  0  1  4.316  3.578  0  0.4347  -0.9889  0.8573
1  1  0  3.69  -3.355  0  1.233  -2.118  -1.802
1  1  1  0.5298  -0.6574  0  -0.5861  1.142  1.437
1  2  0  -0.7549  3.184  0  1.417  1.009  -0.5933
1  2  1  -0.6606  0.7601  0  1.588  -1.873  -1.859
2  0  0  -2.783  -1.169  0  2.005  0.686  -2.087
2  0  1  -2.945  0.3328  0  1.372  2.018  0.922
2  1  0  1.572  -2.738  0  1.273  1.706  4.234
2  1  1  -2.334  -0.5429  0  -4.075  1.663  0.4577
2  2  0  0.5726  0.9483  0  1.239  -1.874  -4.181
2  2  1  2.183  -3.312  0  -0.1791  0.02162  0.8022
3  0  0  3.156  -4.816  0  1.379  3.151  1.499
3  0  1  0.18  -1.1  0  0.9577  -4.269  1.264
3  1  0  5.624  1.962  0  3.423  -4.269  1.481
3  1  1  2.078  -1.179  0  -0.8376  -4.242  -2.336
3  2  0  0.8966  -3.419  0  0.4508  -1.329  3.036
3  2  1  -3.072  0.3242  0  0.5008  1.319  0.6319
4  0  0  2.213  -3.347  0  0.2206  0.7702  0.3145
4  0  1  2.192  5.248  0  4.207  -0.5532  -3.385
4  1  0  -3.288  -8.119  0  3.194  0.7834  -1.204
4  1  1  -1.912  -1.885  0  0.2175  1.679  -2.95
4  2  0  3.433  -2.882  0  -1.45  0.1814  0.2231
4  2  1  1.298  6.895  0  -2.482  -3.346  2.332
5  0  0  1.079  -2.835  0  -1.521  -3.739  -3.848
5  0  1  -1.096  0.8284  0  -0.3226  3.058  -1.514
5  1  0  4.449  0.6633  0  0.3574  -0.1437  0.7998
5  1  1  -0.2086  2.03  0  1.216  1.603  1.073
5  2  0  -1.137  -0.2218  0  -1.22  1.88  0.4176
5  2  1  0.3849  -4.231  0  2.302  -0.5046  -0.1234
6  0  0  1.56  -2.346  0  -1.11  0.2465  -2.532
6  0  1  1.632  -1.533  0  -2.206  0.9662  -0.9892
6  1  0  -2.533  6.072  0  1.058  0.238  0.3805
6  1  1  -1.197  1.565  0  -0.738  -0.17  -1.217
6  2  0  -4.67  7.496  0  -0.1465  2.646  0.5532
6  2  1  0.171  -1.325  0  -0.1741  -3.718  0.02444
7  0  0  -0.8638  0.5613  0  0.284  0.7813  1.25
7  0  1  3.923  -0.8171  0  -3.043  -1.957  -0.1499
7  1  0  -4.196  3.976  0  0.3779  -2.278  1.439
7  1  1  2.44  -1.743  0  -0.1107  0.349  -0.4469
7  2  0  2.763  -0.2049  0  1.431  7.232  -2.472
7  2  1  1.31  -1.106  0  1.408  -0.8788  1.799
