0  0  0  -1.001  -2.512  1.118  -0.03327  0.02075  0.01082
0  0  1  1.905  -0.8373  -0.1607  -0.03633  0.01462  -0.01785
0  1  0  -3.587  0.685  -0.6598  -0.01214  0.01669  -0.02581
0  1  1  -1.685  -3.396  -0.05255  0.03924  0.09608  0.005147
0  2  0  -3.228  0.356  0.5248  -0.0752  -0.01254  -0.06808
0  2  1  0.262  -3.064  0.6245  -0.03733  0.0325  -0.02215
1  0  0  -3.417  6.704  -0.3354  0.02781  -0.005834  -0.03302
1  0  1  2.069  -2.215  0.5392  -0.09186  0.04013  0.004693
1  1  0  1.688  5.606  -0.008261  0.02685  -0.04289  0.01837
1  1  1  1.91  -2.154  0.01758  -0.01546  0.01103  -0.04247
1  2  0  -1.764  -1.706  -0.324  -0.01486  -0.01704  -0.05714
1  2  1  -1.692  -4.366  0.2482  0.008464  -0.00929  -0.01628
2  0  0  5.383  -0.992  0.04024  -0.01038  0.1101  0.005631
2  0  1  -1.516  6.379  0.1598  -0.06856  0.04614  -0.01529
2  1  0  -0.06884  -3.377  0.2781  0.02748  -0.006116  0.007567
2  1  1  -2.349  -0.1174  0.6398  -0.03084  -0.008444  0.02323
2  2  0  3.409  3.24  -0.9643  -0.0204  0.01022  -0.006238
2  2  1  4.483  -1.407  -0.5392  -0.07103  -0.02083  0.002134
3  0  0  -0.8296  3.162  -0.2099  -0.02289  0.03388  0.09799
3  0  1  0.238  -4.807  -0.2673  -0.03598  0.008938  -0.001394
3  1  0  -0.4731  0.5084  0.5215  0.005049  0.01631  0.0375
3  1  1  0.9062  0.09735  0.2953  0.01066  -0.002882  0.02236
3  2  0  -0.2948  10  -0.4303  0.03668  0.04278  -0.02819
3  2  1  -2.154  -1.824  0.2713  -0.01402  -0.01761  0.03027
4  0  0  0.6096  3.361  -0.1344  -0.06659  0.0241  0.02374
4  0  1  -5.098  -1.847  0.1915  0.04068  -0.05853  -0.05135
4  1  0  -3.536  -3.158  0.8594  -0.0306  0.00322  0.01451
4  1  1  1.64  -9.07  0.3027  -0.002605  -0.02652  -0.004287
4  2  0  1.334  -0.1576  -0.02365  -0.04181  0.0002931  0.02563
4  2  1  0.5269  1.034  0.4778  -0.04151  -0.003035  -0.07956
5  0  0  -2.614  1.026  0.2284  0.03239  0.01406  0.03193
5  0  1  4.995  1.977  0.262  0.009059  -0.06883  0.02761
5  1  0  -0.001709  0.1488  1.205  -0.0169  0.02601  0.03286
5  1  1  -3.128  3.765  -0.5229  -0.04466  0.07019  0.04739
5  2  0  -2.392  -0.8485  -1.298  0.01402  0.06919  0.02584
5  2  1  1.037  -2.611  -0.2369  -0.03607  -0.03311  0.03516
6  0  0  0.7541  -1.713  -0.1489  -0.007359  -0.03363  -0.01443
6  0  1  7.642  2.123  -0.1948  0.02216  -0.06905  -0.00729
6  1  0  5.745  1.888  -0.05412  -0.05479  0.007242  0.02514
6  1  1  -4.139  -0.01178  1.173  -0.006221  -0.02165  0.02318
6  2  0  1.859  5.09  0.1779  -0.002068  -0.01831  0.03242
6  2  1  3.501  -0.7373  -0.904  -0.009098  0.002006  -0.03481
7  0  0  1.687  3.835  0.4903  -0.007131  -0.003661  -0.0618
7  0  1  -0.05353  0.9802  0.8244  0.02261  -0.0128  -0.007552
7  1  0  -0.8762  -2.547  -0.4498  -0.009246  -0.06111  0.0001406
7  1  1  5.977  -4.762  -0.811  0.01393  0.0283  0.06147
7  2  0  3.326  2.395  -0.02487  -0.08481  0.009643  -0.04997
7  2  1  -4.442  -2.439  -0.01041  -0.03172  0.01384  -0.001065
