0  0  0  -0.6715  0.2854  0  2.323  0.5632  0.3474
0  0  1  2.59  -6.227  0  1.802  2.688  0.6302
0  1  0  0.3061  -2.589  0  3.733  -2.39  -0.2095
0  1  1  3.626  1.739  0  0.599  0.9653  0.06264
0  2  0  1.999  4.876  0  0.3062  0.1585  3.143
0  2  1  1.195  5.924  0  1.153  -1.349  0.09084
1  0  0  -0.07707  0.4986  0  -2.38  0.8486  0.2647
1  0  1  0.07085  1.553  0  -0.6046  0.3075  0.2282
1  1  0  -1.886  3.908  0  -0.9599  -0.5236  -2.127
1  1  1  3.63  -0.4691  0  1.038  -0.7972  0.243
1  2  0  -2.305  -1.654  0  2.586  2.732  1.41
1  2  1  -1.126  1.704  0  -3.033  1.138  2.178
2  0  0  1.095  -0.6789  0  3.525  -0.5419  -2.79
2  0  1  -1.497  3.432  0  3.059  0.5302  1.837
2  1  0  -8.032  -1.318  0  1.97  -2.619  1.58
2  1  1  -4.321  -0.7027  0  0.4356  -2.968  3.129
2  2  0  -2.47  0.9835  0  2.312  -4.438  1.883
2  2  1  4.147  2.066  0  0.137  -0.5244  1.528
3  0  0  1.453  1.664  0  2.463  1.694  1.253
3  0  1  0.8078  1.822  0  -2.069  -1.659  -0.6926
3  1  0  3.057  4.96  0  -2.806  -3.009  -0.5688
3  1  1  -1.909  -1.57  0  -0.8928  -0.1493  -2.504
3  2  0  0.4365  0.181  0  0.6217  -2.943  -3.924
3  2  1  0.01878  1.196  0  2.471  -1.352  1.176
4  0  0  -1.519  -5.173  0  0.2779  1.389  0.1247
4  0  1  -1.054  -3.245  0  -0.6987  -1.121  2.942
4  1  0  3.571  -2.804  0  -2.626  -0.3831  -1.801
4  1  1  0.7012  -0.6889  0  -1.795  -5.529  -0.6648
4  2  0  1.659  6.275  0  -1.676  2.46  0.8249
4  2  1  1.67  0.9988  0  -2.068  -1.65  -0.1259
5  0  0  2.732  -2.5  0  -2.635  -3.858  1.97
5  0  1  5.564  0.2951  0  -0.7264  -0.231  -0.6895
5  1  0  -3.469  -2.315  0  2.622  3.853  4.613
5  1  1  -7.007  -1.049  0  2.388  2.399  -0.5707
5  2  0  -3.592  -2.04  0  1.711  -0.2727  -0.01115
5  2  1  -1.017  5.469  0  -3.624  2.386  0.6232
6  0  0  0.3639  -1.872  0  -2.205  0.6702  -0.1277
6  0  1  -0.04447  -2.161  0  -2.189  0.07345  -2.61
6  1  0  -2.042  -3.388  0  -0.5815  -0.9824  -3.277
6  1  1  -1.103  0.7474  0  1.974  0.9233  -1.655
6  2  0  -1.373  -0.3552  0  -0.876  -3.008  2.009
6  2  1  0.3061  1.189  0  -2.06  -2.702  2.696
7  0  0  -1.35  -2.223  0  -3.935  -3.159  1.301
7  0  1  -0.2258  -1.644  0  -0.552  2.001  0.6962
7  1  0  -0.6793  5.513  0  4.959  2.01  -1.796
7  1  1  -0.3127  -1.592  0  -3.021  0.703  -2
7  2  0  1.113  4.8  0  1.267  -0.8621  0.9962
7  2  1  -4.238  -0.6762  0  -2.382  -2.13  0.005444
