0  0  0  4.219  3.187  0  0.9308  3.078  -2.157
0  0  1  4.265  5.069  0  5.374  3.685  1.248
0  1  0  -0.03416  -1.108  0  0.7987  0.0318  0.9889
0  1  1  4.893  0.8284  0  -2.642  -3.369  -1.345
0  2  0  1.267  -0.2398  0  -1.453  -2.961  -0.5998
0  2  1  -2.698  -4.106  0  -0.1172  -1.395  -0.9512
1  0  0  1.076  -1.081  0  -4.322  1.168  -0.9585
1  0  1  1.555  -2.096  0  2.551  0.06551  1.462
1  1  0  0.03267  -4.883  0  1.024  0.7192  1.302
1  1  1  -0.7771  -3.11  0  -2.367  0.9043  -1.479
1  2  0  1.268  4.594  0  1.501  0.5167  0.6996
1  2  1  -0.09969  2.329  0  2.204  -1.122  3.68
2  0  0  1.664  -4.766  0  0.6046  -2.864  3.293
2  0  1  3.102  -0.2411  0  0.3736  -1.429  3.504
2  1  0  2.323  0.79  0  -2.019  -0.492  -1.101
2  1  1  3.12  -3.688  0  -0.8894  -2.102  0.01449
2  2  0  3.274  1.929  0  -0.476  -1.722  0.1498
2  2  1  -5.093  -0.3986  0  1.045  -1.415  -1.087
3  0  0  2.451  7.132  0  -1.402  0.8439  0.6436
3  0  1  -0.4949  -1.206  0  0.9214  1.824  1.529
3  1  0  1.702  1.014  0  -0.177  0.1039  0.4147
3  1  1  2.581  -4.703  0  0.2778  -1.231  1.486
3  2  0  -3.873  8.259  0  0.7586  -2.003  -1.978
3  2  1  -3.141  1.371  0  -0.615  0.8873  3.219
4  0  0  -2.592  2.602  0  -0.3469  -1.62  -0.5083
4  0  1  0.2097  0.3893  0  3.733  0.7114  2.493
4  1  0  -3.705  -0.6681  0  2.837  -1.671  1.737
4  1  1  -3.082  0.8713  0  -0.004131  -4.159  0.1176
4  2  0  2.758  -4.67  0  3.356  -0.2049  0.9912
4  2  1  0.5977  -2.055  0  -1.79  1.193  -4.367
5  0  0  -2.343  1.115  0  1.385  -0.5493  3.725
5  0  1  -0.2769  3.372  0  -0.8326  -2.078  -3.483
5  1  0  6.577  4.949  0  0.3905  2.067  -0.2421
5  1  1  5.14  1.219  0  -0.405  -1.145  3.202
5  2  0  7.29  -2.068  0  -0.825  0.6507  3.433
5  2  1  -0.4041  6.098  0  0.5051  -0.6492  -0.4587
6  0  0  -3.262  5.405  0  0.1108  2.474  -0.9201
6  0  1  -2.216  3.25  0  3.227  1.741  0.7473
6  1  0  -0.6646  -6.518  0  3.817  -0.6041  -0.6567
6  1  1  1.287  0.9348  0  -0.7851  1.458  3.528
6  2  0  0.7136  -7.794  0  -0.03408  1.488  0.5656
6  2  1  1.45  -2.973  0  0.5382  2.08  2.012
7  0  0  2.002  -2.591  0  3.822  -2.969  0.5202
7  0  1  -2.052  3.778  0  -1.33  -2.712  0.3828
7  1  0  -0.2657  -0.4779  0  -2.951  2.092  2.216
7  1  1  -4.156  -2.143  0  -0.36  0.01052  -0.7446
7  2  0  0.1531  -2.855  0  1.137  1.872  -1.278
7  2  1  1.754  -1.893  0  -0.285  1.489  -0.9843
