0  0  0  0.4357  1.798  -0.2934  0.03663  0.007915  0.04315
0  0  1  1.607  -0.8648  -0.7086  0.06016  0.01597  -0.01806
0  1  0  6.064  1.059  -0.05958  0.003758  0.004945  -0.01706
0  1  1  2.196  3.203  -0.248  0.03621  -0.01374  -0.007486
0  2  0  2.906  -3.78  0.2635  0.02165  -0.06658  0.01745
0  2  1  1.008  2.945  0.3314  0.01854  -0.05554  -0.01514
1  0  0  -1.499  2.07  -0.1365  0.04018  0.01883  0.01137
1  0  1  -2.846  -3.918  -0.5194  -0.03059  0.01325  -0.01606
1  1  0  0.5442  2.167  -0.5984  -0.01638  0.01058  -0.02586
1  1  1  0.7513  -0.8714  0.2759  -0.04694  -0.02327  0.007694
1  2  0  2.731  2.054  0.2408  0.0007031  0.03393  -0.05767
1  2  1  -1.994  1.869  -0.6265  -0.01959  0.04239  0.03119
2  0  0  4.137  0.7953  -0.1029  -0.03553  -0.04325  0.002479
2  0  1  3.315  2.363  0.1613  0.05217  -0.02647  -0.008881
2  1  0  3.262  -1.518  0.006516  0.007564  0.04312  0.0305
2  1  1  1.642  -5.085  -0.8418  0.01635  -0.01999  -0.03859
2  2  0  -3.765  -5.704  0.4768  -0.04491  0.02807  0.07862
2  2  1  -5.525  2.548  0.1938  0.06595  0.01225  0.03706
3  0  0  0.9024  -2.697  0.383  0.07671  -0.01902  0.006589
3  0  1  1.622  4.219  -0.2674  0.005723  0.003563  0.04195
3  1  0  1.538  0.3053  0.7096  -0.01007  -0.00843  -0.01711
3  1  1  -0.1417  1.148  -0.02585  0.01815  0.05267  -0.003336
3  2  0  1.834  0.1813  -0.5634  -0.02597  -0.0148  0.04806
3  2  1  6.547  -0.338  -0.08588  0.05899  0.04899  -0.05998
4  0  0  3.811  3.92  -0.7364  0.0353  -0.02521  -0.005421
4  0  1  -3.93  5.468  -0.06957  0.01599  0.03369  0.05385
4  1  0  0.2315  3.132  0.3172  0.004098  0.0589  0.0279
4  1  1  2.578  1.034  -0.4236  -0.02958  0.008357  0.05078
4  2  0  -6.014  1.752  0.3528  -0.01076  0.03512  -0.03206
4  2  1  0.295  -0.7134  -0.2081  0.01341  0.02797  0.04916
5  0  0  0.9699  -2.469  -0.3558  0.0008332  -0.02941  0.01338
5  0  1  1.279  4.522  0.03656  -0.02426  0.03886  0.03483
5  1  0  0.1135  3.521  0.5316  -0.04301  -0.0459  -0.01046
5  1  1  -3.861  -0.01129  0.2544  -0.001629  -0.05497  0.003765
5  2  0  -0.8876  2.363  -0.685  0.00374  -0.007408  -0.002409
5  2  1  2.752  4.653  -0.1019  0.002661  0.00607  0.02838
6  0  0  -0.1945  -1.158  0.2358  0.02027  0.008523  -0.0419
6  0  1  -2.628  2.319  -0.6494  -0.008825  0.009498  0.08279
6  1  0  -0.497  1.684  -0.4393  -0.04852  -0.004895  0.03263
6  1  1  3.085  -3.676  -0.3249  0.004695  -0.0605  -0.02215
6  2  0  7.069  -0.758  -0.5839  0.02265  -0.05925  0.01092
6  2  1  -0.07085  1.523  0.1471  0.0563  0.0921  -0.01758
7  0  0  -3.383  -0.4403  0.2301  0.01387  0.01837  0.004128
7  0  1  1.498  -0.4931  0.2646  0.03446  -0.05166  -0.03178
7  1  0  -0.2625  -3.318  -0.04134  0.05858  0.05618  -0.06528
7  1  1  -2.273  -2.22  0.6806  -0.06908  0.004183  -0.0352
7  2  0  0.6287  -0.3029  -0.3188  -0.03479  -0.02107  0.03526
7  2  1  4.204  2.437  -0.01695  0.05906  -0.06416  -0.019
