0  0  0  -4.232  1.46  -0.2231  0.02628  0.05225  0.01637
0  0  1  0.6776  -1.313  0.05694  -0.04785  0.04541  -0.03698
0  1  0  0.8218  2.05  -0.3109  0.07964  0.01397  0.0239
0  1  1  5.154  2.934  -0.1293  0.03314  0.03018  -0.02172
0  2  0  -0.405  0.252  0.7016  -0.02275  0.05739  -0.0218
0  2  1  -4.295  -0.8025  0.3815  -0.01258  -0.01989  0.01952
1  0  0  0.04516  3.742  0.9773  0.04513  -0.05025  0.02007
1  0  1  1.89  -1.856  0.2631  -0.05694  0.03037  -0.06813
1  1  0  -3.757  0.5154  -0.4033  -0.05932  0.05103  0.04251
1  1  1  -5.128  -0.8205  -0.6964  0.05261  -0.04996  -0.002042
1  2  0  4.864  -1.567  -0.1077  -0.01624  0.017  -0.002433
1  2  1  -0.2697  1.295  -0.2762  0.01099  -0.03047  0.005744
2  0  0  1.131  -4.525  -0.1353  0.03346  0.0356  -0.04022
2  0  1  2.118  3.804  -0.4037  0.0363  -0.01761  -0.03143
2  1  0  -2.407  -1.302  0.2392  0.01122  -0.09123  -0.01853
2  1  1  -1.194  -3.418  1.1  -0.01151  0.002177  -0.02519
2  2  0  -0.4992  -2.067  0.7543  -0.0157  -0.0234  -0.01812
2  2  1  -3.639  -2.345  -0.3096  -0.04351  0.004459  0.02591
3  0  0  2.82  -0.2844  0.1938  -0.003204  -0.02409  -0.02617
3  0  1  -1.213  1.237  -0.3239  0.01632  -0.01082  -0.01567
3  1  0  -0.2451  0.8279  0.8799  0.01001  -0.01643  0.0476
3  1  1  0.3307  0.01423  0.07423  0.007609  0.01382  -0.0692
3  2  0  -2.495  1.596  -0.08586  0.00804  -0.05384  -0.01651
3  2  1  -8.652  -2.467  -1.108  -0.02818  -0.02298  0.008134
4  0  0  -1.516  -0.1045  -0.373  -0.06352  -0.01397  0.0159
4  0  1  -2.18  2.056  -0.3511  0.03376  -0.01065  -0.0111
4  1  0  1.964  6.31  1.067  -0.01761  0.02402  -0.005913
4  1  1  -1.82  -0.3614  -0.8815  -0.02073  0.04814  -0.02417
4  2  0  1.153  -2.923  0.377  0.04544  0.01969  0.004177
4  2  1  0.3868  -0.8563  -0.2297  -0.01613  0.08558  -0.0156
5  0  0  5.05  10.92  0.6908  0.04815  0.0604  -0.02215
5  0  1  0.8994  3.197  -0.4331  -0.01412  -0.01031  -0.0324
5  1  0  -2.639  2.681  -0.01315  0.04126  -0.01787  -0.09108
5  1  1  0.0874  -0.9295  0.2367  -0.03758  -0.0005128  0.06755
5  2  0  -0.4955  0.2119  0.06458  0.04592  0.03438  -0.04909
5  2  1  -4.192  -1.007  0.2005  -0.02176  -0.04237  -0.07145
6  0  0  -1.666  1.571  -0.05099  -0.00204  0.03379  -0.01713
6  0  1  1.385  -0.4371  0.1371  -0.001117  -0.02992  0.01939
6  1  0  -0.511  -2.037  0.2562  -0.02598  -0.06194  -0.002525
6  1  1  -1.141  -4.564  -0.5794  -0.0341  -0.05662  0.005946
6  2  0  2.05  1.717  -0.2895  -0.003035  0.02298  -0.002197
6  2  1  -4.307  -3.298  -0.04487  -0.07634  -0.04197  0.01033
7  0  0  2.855  -3.154  0.07417  0.03718  -0.003167  1.032e-06
7  0  1  -1.307  1.143  -0.6399  -0.03294  -0.03462  0.00359
7  1  0  0.4378  1.593  -0.6962  -0.02187  -0.001269  0.02851
7  1  1  -1.103  -3.604  0.03298  -0.004382  -0.00553  0.0362
7  2  0  0.6303  -0.2005  0.1925  -0.03548  -0.04649  -0.04377
7  2  1  2.633  -0.7158  0.3343  0.0121  0.01728  0.03306
