0  0  0  -4.316  -1.467  0  -1.758  0.05399  0.06849
0  0  1  1.963  1.492  0  2.314  -2.206  -2.268
0  1  0  3.786  3.424  0  -2.473  0.0768  1.376
0  1  1  1.777  2.914  0  -4.943  0.6401  2.821
0  2  0  2.526  2.092  0  -1.475  0.7627  0.6831
0  2  1  -5.123  -2.968  0  3.905  -0.1034  -1.682
1  0  0  -6.906  -4.237  0  -0.6473  1.544  -0.2387
1  0  1  -0.7301  -2.212  0  0.4693  2.051  1.043
1  1  0  -6.079  4.461  0  -2.245  1.831  0.5658
1  1  1  -6.605  -3.043  0  -3.961  -3.136  1.692
1  2  0  -2.486  2.469  0  1.349  -0.4182  -0.4537
1  2  1  2.534  -0.8461  0  1.988  -1.928  1.572
2  0  0  0.2667  -0.416  0  -0.7824  1.47  -0.1957
2  0  1  2.596  -2.029  0  1.298  0.8334  2.031
2  1  0  -2.152  0.0301  0  -0.4247  0.961  1.212
2  1  1  4.008  -4.569  0  -0.1317  3.341  -1.522
2  2  0  -2.056  7.603  0  -1.843  1.613  -1.074
2  2  1  -3.565  3.321  0  -2.984  2.465  -0.2381
3  0  0  2.296  -1.617  0  -1.444  2.81  -1.075
3  0  1  0.3528  -0.3166  0  -1.346  0.9556  1.59
3  1  0  1.603  -0.2192  0  -0.425  0.04562  -0.5847
3  1  1  -1.358  3.538  0  -0.02047  1.125  2.024
3  2  0  -1.691  4.062  0  1.009  -1.373  1.91
3  2  1  -4.31  -1.755  0  0.7531  -1.473  -0.5824
4  0  0  4.662  1.171  0  -0.09715  -1.02  2.342
4  0  1  -0.9627  3.602  0  -3.423  -2.53  -1.134
4  1  0  -1.41  -4.62  0  -0.194  -3.497  -2.209
4  1  1  3.173  0.01602  0  1.616  -1.972  1.512
4  2  0  2.87  -0.3171  0  3.906  -0.2651  -0.04087
4  2  1  3.643  1.964  0  -0.9839  1.026  -0.1514
5  0  0  0.9445  0.8669  0  -0.4598  3.029  -2.584
5  0  1  -0.8997  -3.032  0  -0.443  0.5722  0.4038
5  1  0  0.3815  -2.176  0  2.329  -0.3554  0.5539
5  1  1  1.099  -0.2559  0  1.03  -2.232  1.051
5  2  0  0.06626  6.725  0  1.975  -0.5287  1.61
5  2  1  1.194  -3.352  0  -1.338  -0.3705  1.971
6  0  0  -0.9116  -1.559  0  -2.602  -1.787  3.442
6  0  1  -0.8345  -0.8998  0  -2.785  -0.7361  0.9329
6  1  0  1.179  -2.521  0  3.326  0.763  -0.8064
6  1  1  1.927  -5.304  0  1.201  0.3303  0.01255
6  2  0  -2.036  7.17  0  1.137  1.198  0.1653
6  2  1  -5.009  -1.777  0  0.2571  -0.8329  0.3589
7  0  0  1.287  -0.1409  0  2.201  -0.4786  1.1
7  0  1  2.921  4.451  0  -0.03282  -1.006  4.146
7  1  0  5.527  -0.5735  0  -1.729  -1.007  1.456
7  1  1  2.984  -3.932  0  -0.1201  0.2157  -0.8401
7  2  0  -1.548  -1.238  0  -0.8659  1.768  1.128
7  2  1  2.951  -3.025  0  -0.4618  4.114  -1.355
