0  0  0  -3.721  -0.7667  0  -0.07485  0.8989  0.9966
0  0  1  -3.776  0.7166  0  1.102  0.3856  -2.416
0  1  0  -8.6  -3.324  0  -1.219  -6.01  -2.282
0  1  1  0.8502  4.44  0  -0.2901  1.196  2.323
0  2  0  3.268  2.585  0  -1.927  -0.9359  3.183
0  2  1  3.806  -2.005  0  -0.6949  -0.9648  1.157
1  0  0  -0.7411  -1.019  0  1.312  -1.848  3.198
1  0  1  -8.737  -5.626  0  1.806  -0.8057  -1.215
1  1  0  -0.7933  2.46  0  -1.341  3.379  -4.531
1  1  1  -1  0.07859  0  -3.297  3.072  1.968
1  2  0  -1.653  -1.637  0  -1.115  2.744  0.9803
1  2  1  -5.966  -1.734  0  0.1633  2.079  2.357
2  0  0  6.569  4.006  0  -3.528  -1.03  2.641
2  0  1  4.704  -1.97  0  0.9399  -0.39  -0.5253
2  1  0  0.6422  0.1732  0  -3.085  3.663  -0.9501
2  1  1  -2.72  1.755  0  -1.182  2.544  -2.368
2  2  0  -0.9336  1.698  0  2.261  -0.844  1.229
2  2  1  0.9082  -1.196  0  -0.1255  1.039  1.817
3  0  0  -0.0185  0.189  0  1.555  2.734  -0.1033
3  0  1  0.7604  3.471  0  1.647  3.819  0.3044
3  1  0  1.339  -0.4128  0  1.993  -1.738  -3.803
3  1  1  2.247  3.137  0  0.5686  -0.7198  -0.5881
3  2  0  3.308  -4.101  0  -1.272  0.3205  -1.37
3  2  1  0.1506  1.289  0  0.9703  0.1094  0.2414
4  0  0  -1.508  -1.344  0  -0.5798  0.3348  2.964
4  0  1  4.542  2.369  0  -3.544  0.902  -2.209
4  1  0  -0.336  -1.288  0  -1.298  0.7154  1.926
4  1  1  3.225  -4.164  0  2.489  -0.2735  1.613
4  2  0  2.546  0.8226  0  -0.09493  -1.751  0.7625
4  2  1  2.411  -3.116  0  0.252  2.165  -2.309
5  0  0  2.059  1.033  0  -2.569  3.731  -0.7924
5  0  1  0.1028  0.334  0  0.6378  -0.9189  1.212
5  1  0  4.17  3.656  0  1.918  -1.765  4.866
5  1  1  2.545  0.7326  0  -0.3982  1.598  -1.108
5  2  0  -6.858  1.116  0  2.835  1.405  -4.97
5  2  1  -4.78  1.866  0  -2.352  1.922  0.03236
6  0  0  -1.403  0.2956  0  0.5776  -0.7461  -3.448
6  0  1  0.371  -2.873  0  1.112  4.945  -1.496
6  1  0  3.883  0.5964  0  0.1014  -2.312  1.82
6  1  1  0.2545  6.733  0  3.061  -0.4591  -2.523
6  2  0  -2.156  -4.372  0  3.264  -0.75  0.06595
6  2  1  3.629  4.303  0  0.5748  -0.9393  -2.794
7  0  0  -4.5  -0.1533  0  -0.6132  0.1084  1.905
7  0  1  4.779  3.185  0  -2.034  1.315  2.915
7  1  0  2.741  -0.8206  0  -3.396  0.586  1.836
7  1  1  0.6603  -3.329  0  -0.7848  3.889  -1.305
7  2  0  1.662  -2.249  0  -4.004  -0.6226  0.4756
7  2  1  8.561  1.836  0  -2.068  -1.23  -1.123
