0  0  0  1.695  1.145  0  2.985  -5.538  3.868
0  0  1  5.571  3.38  0  -1.536  -1.927  -2.68
0  1  0  -0.9187  -5.104  0  0.3673  1.263  -2.63
0  1  1  1.548  2.622  0  -2.37  -1.161  2.06
0  2  0  -2.062  -3.401  0  0.8626  2.048  -1.222
0  2  1  -0.8211  -0.7911  0  0.9558  -3.974  3.622
1  0  0  -8.625  0.176  0  -2.891  1.144  4.429
1  0  1  4.395  -0.4522  0  -1.953  -1.402  -0.259
1  1  0  1.084  6.416  0  -4.229  -2.118  -1.23
1  1  1  -5.492  4.741  0  2.396  1.749  0.5482
1  2  0  3.389  0.07629  0  2.463  -1.839  1.359
1  2  1  3.476  2.961  0  -0.1401  0.1616  -0.5974
2  0  0  2.014  0.1482  0  0.5373  1.904  0.5857
2  0  1  -4.16  -2.33  0  -4.522  -0.7511  -1.542
2  1  0  10.34  5.535  0  -1.031  2.894  3.161
2  1  1  -0.3904  -2.997  0  -0.5457  -1.183  1.261
2  2  0  -0.6913  1.043  0  2.654  -2.16  -0.717
2  2  1  -3.306  4.65  0  2  4.282  2.92
3  0  0  1.153  1.86  0  -1.056  -2.167  -1.538
3  0  1  5.554  0.9782  0  -0.05934  0.5637  2.158
3  1  0  -2.389  -2.459  0  -0.2097  -2.138  -0.51
3  1  1  -1.066  -3.422  0  -0.5552  -2.903  -0.5576
3  2  0  1.037  -0.644  0  1.405  1.179  -3.537
3  2  1  -3.28  2.668  0  -3.836  3.303  -1.671
4  0  0  1.416  0.3528  0  -2.401  -2.76  -1.119
4  0  1  0.4652  2.085  0  3.345  0.3895  -0.2554
4  1  0  0.6707  -5.616  0  -0.8249  0.1288  -0.2441
4  1  1  3.292  4.358  0  3.384  -0.3809  -2.583
4  2  0  2.111  -0.5123  0  1.635  0.2911  0.2478
4  2  1  3.61  1.108  0  1.253  -1.242  0.6651
5  0  0  3.183  2.257  0  -0.3714  0.3303  -0.4815
5  0  1  -2.321  -1.249  0  1.987  1.514  0.3035
5  1  0  -1.406  2.88  0  1.88  -2.561  2.065
5  1  1  -8.813  0.7252  0  0.1695  1.158  0.2913
5  2  0  6.289  -5.548  0  -2.407  2.451  -2.748
5  2  1  1.888  0.994  0  -1.194  -1.341  -1.499
6  0  0  0.6751  -3.679  0  -0.7091  1.252  1.278
6  0  1  -3.303  -0.8826  0  -1.637  0.5471  1.295
6  1  0  2.695  -5.058  0  -2.439  0.9107  -1.296
6  1  1  -0.3309  2.683  0  0.2913  -0.3281  -1.177
6  2  0  -2.92  -0.3839  0  4.129  1.555  -4.056
6  2  1  -2.534  0.2793  0  -2.12  1.134  1.337
7  0  0  -4.46  -2.479  0  1.361  -0.1401  0.6477
7  0  1  0.05045  4.795  0  1.924  -3.058  -1.456
7  1  0  0.2285  -0.8686  0  1.88  -1.008  -0.0542
7  1  1  2.158  1.843  0  0.01547  1.609  -1.523
7  2  0  -1.202  -1.859  0  1.758  -1.443  -1.093
7  2  1  0.7845  1.364  0  0.526  5.196  0.2143
