0  0  0  1.339  -2.683  0  -1.339  0.9554  -2.639
0  0  1  4.494  -1.808  0  -1.471  0.6651  2.1
0  1  0  -3.177  -1.89  0  0.1765  -1.44  2.899
0  1  1  -0.6484  0.459  0  -3.544  -0.2098  0.916
0  2  0  0.2264  0.7022  0  0.5186  0.759  1.99
0  2  1  4.044  1.742  0  -1.567  1.189  -0.7019
1  0  0  -3.547  -2.611  0  3.684  0.3979  2.107
1  0  1  3.304  0.9236  0  0.725  -0.1781  -1.201
1  1  0  2.478  -2.519  0  -0.05069  -0.3824  -2.278
1  1  1  -1.654  -0.6455  0  -0.7866  -1.182  -0.565
1  2  0  -1.327  -4.1  0  1.174  -3.776  0.1379
1  2  1  1.831  3.163  0  -0.1142  -1.063  0.6659
2  0  0  1.66  0.178  0  1.316  -2.635  2.966
2  0  1  -1.467  0.4346  0  -1.759  -0.8962  1.168
2  1  0  -2.189  -0.517  0  3.861  2.926  -1.816
2  1  1  2.966  3.613  0  -3.25  0.3024  2.239
2  2  0  -7.68  -4.974  0  -0.5237  -2.664  3.461
2  2  1  3.514  6.113  0  3.693  0.5433  0.4269
3  0  0  2.667  -1.201  0  1.665  0.959  -4.545
3  0  1  -2.231  -0.007376  0  -2.432  -1.482  -0.4688
3  1  0  0.6219  -1.664  0  -2.586  -1.169  0.2225
3  1  1  2.419  0.5074  0  -0.3541  1.645  -0.9357
3  2  0  -0.4586  3.083  0  1.791  -2.31  0.3188
3  2  1  -6.441  3.63  0  -1.741  -1.188  0.8382
4  0  0  1.167  0.5261  0  -2.337  2.247  -1.863
4  0  1  -0.3651  -3.146  0  0.7988  -2.615  1.436
4  1  0  1.364  0.7938  0  -0.5208  -0.2773  -0.3368
4  1  1  0.3084  1.565  0  -0.0719  -1.834  3.042
4  2  0  -0.5274  2.805  0  1.562  -0.1719  -1.303
4  2  1  2.203  -1.863  0  -2.64  4.03  -0.2227
5  0  0  2.119  1.853  0  -2.644  0.5252  -2.5
5  0  1  -3.179  3.549  0  -0.3417  0.09399  1.935
5  1  0  -0.4727  -2.351  0  3.177  -0.4561  0.799
5  1  1  -4.826  -5.572  0  -3.057  3.75  -2.146
5  2  0  -1.217  1.817  0  1.242  -1.491  2.145
5  2  1  0.6481  -2.992  0  3.161  -0.9771  -2.958
6  0  0  -3.31  -3.753  0  -0.9673  0.4542  -1.035
6  0  1  -2.613  -1.626  0  -1.764  -2.809  -2.695
6  1  0  1.855  -0.1275  0  2.963  4.001  2.08
6  1  1  -2.891  -3.82  0  0.9618  -2.782  -0.4834
6  2  0  7.503  4.37  0  -2.345  0.8058  -0.5495
6  2  1  -5.163  -4.49  0  -3.655  -2.698  -0.6638
7  0  0  2.511  2.087  0  -4.322  0.1148  1.675
7  0  1  0.9889  -3.577  0  -1.901  -2.102  -2.106
7  1  0  -1.525  3.987  0  -2.057  2.715  0.9295
7  1  1  6.118  0.6294  0  1.781  3.287  0.8325
7  2  0  -0.9447  3.397  0  -0.565  2.808  2.278
7  2  1  3.175  -1.052  0  -1.231  0.05221  0.8886
