0  0  0  0.5975  3.231  0  -2.485  1.387  1.517
0  0  1  0.1075  -6.036  0  1.784  0.2484  2.964
0  1  0  -3.927  6.231  0  -3.238  1.29  -1.962
0  1  1  -3.041  6.494  0  1.815  0.8373  0.6963
0  2  0  -0.09678  -4.432  0  -0.2266  -2.84  -0.4269
0  2  1  -0.3204  -0.03222  0  2.452  0.6475  2.603
1  0  0  -0.1809  1.432  0  1.925  0.1725  1.785
1  0  1  2.503  3.432  0  0.3376  -2.292  -1.37
1  1  0  -4.637  2.566  0  0.2255  1.588  2.711
1  1  1  -0.3771  2.474  0  -2.076  0.2648  3.626
1  2  0  -2.924  2.311  0  -2.817  2.933  -0.5396
1  2  1  -2.516  -1.291  0  -3.258  -0.8586  2.274
2  0  0  0.1324  -0.3297  0  -1.139  -1.088  -0.2971
2  0  1  0.8747  -1.104  0  -0.1807  1.476  -0.5101
2  1  0  5.222  0.3628  0  -1.767  0.3237  4.225
2  1  1  -0.71  0.2347  0  1.562  -1.821  0.8504
2  2  0  -1.678  -3.553  0  0.02055  1.018  -0.1217
2  2  1  0.2794  -3.932  0  0.5951  1.688  2.838
3  0  0  1.722  -0.4069  0  -0.1424  0.1194  -2.453
3  0  1  0.3575  1.203  0  -1.616  0.4034  -2.351
3  1  0  2.502  2.158  0  -1.11  1.179  -2.47
3  1  1  0.1814  -3.679  0  -2.674  1.953  0.02671
3  2  0  6.613  -8.812  0  -0.4248  1.72  0.902
3  2  1  -0.5705  5.036  0  -2.492  -0.3729  -1.778
4  0  0  -0.6271  -0.5913  0  -2.84  0.732  0.9442
4  0  1  -4.772  6.194  0  -1.19  -0.2145  0.4379
4  1  0  1.19  5.037  0  0.9719  -0.5294  2.253
4  1  1  1.438  -1.55  0  0.6899  -1.785  2.266
4  2  0  1.104  -1.726  0  1.337  -0.3528  1.384
4  2  1  -1.381  5.608  0  5.117  3.782  -1.45
5  0  0  0.2172  6.62  0  -1.037  0.9362  2.911
5  0  1  -3.771  5.726  0  2.628  4.892  -2.678
5  1  0  -2.234  3.133  0  2.547  -1.924  0.4128
5  1  1  0.3289  1.293  0  -3.491  -2.451  2.472
5  2  0  -4.658  -0.0324  0  -1.79  -0.9733  -1.256
5  2  1  2.914  -2.616  0  -0.6053  -3.279  0.6267
6  0  0  2.816  -2.04  0  -0.3838  0.5062  0.8651
6  0  1  -1.198  -1.415  0  -4.455  -0.17  0.4481
6  1  0  -6.46  -0.9352  0  -2.026  -1.859  -1.725
6  1  1  0.5924  1.545  0  0.2361  -1.158  -3.756
6  2  0  -3.041  1.723  0  2.216  -1.991  6.399
6  2  1  1.63  -1.703  0  0.4199  1.851  -0.6765
7  0  0  4.555  -1.668  0  -0.981  -2.103  -3.449
7  0  1  2.944  0.571  0  -0.3301  -0.7236  -0.4672
7  1  0  -1.446  2.812  0  2.428  -0.3779  -0.1518
7  1  1  -0.646  -0.1606  0  -2.476  0.8342  1.225
7  2  0  0.9931  -2.241  0  2.541  0.4659  2.276
7  2  1  -1.784  1.221  0  -2.296  4.31  0.1837
