0  0  0  0.6318  0.3662  -0.07792  -0.03218  0.001493  0.08347
0  0  1  -1.073  -5.054  0.1873  0.003341  -0.03592  -0.01428
0  1  0  -2.052  -0.6769  -0.4647  -0.02499  0.007653  0.01667
0  1  1  -1.906  -3.512  -0.3008  0.001115  0.02311  0.06334
0  2  0  -0.5479  2.018  -1.259  0.007907  0.02822  -0.06862
0  2  1  -0.005278  0.8959  -0.1001  -0.01927  -0.03004  -0.0112
1  0  0  -0.6104  2.038  0.4079  0.01718  -0.02276  -0.01167
1  0  1  -0.06039  5.391  0.03185  0.02175  -0.04241  -0.01842
1  1  0  -1.015  -4.79  0.3084  0.04004  -0.04991  -0.01952
1  1  1  2.597  -3.858  -0.7886  0.01231  -0.03758  -0.01634
1  2  0  -4.407  -0.1234  0.1976  -0.005637  -0.0217  -0.01345
1  2  1  1.159  -0.6678  0.1581  0.0002722  0.03303  0.0238
2  0  0  2.859  1.641  0.03047  -0.03008  0.03641  -0.0203
2  0  1  4.455  0.5893  1.448  0.008712  0.01537  -0.04469
2  1  0  2.998  1.552  -0.7061  0.02877  0.0235  -0.01232
2  1  1  -2.901  -4.291  0.5905  0.05338  0.02226  0.0008266
2  2  0  -0.3142  0.6781  0.204  -0.03804  -0.01098  -0.04688
2  2  1  0.8668  1.987  -0.3731  -0.02658  -0.004172  -0.0119
3  0  0  -1.905  0.3267  -0.02675  0.006569  0.003891  0.0253
3  0  1  -0.8565  0.06844  0.2961  -0.01529  -0.05168  0.02926
3  1  0  -0.5556  1.473  0.4941  0.02758  0.02758  0.02157
3  1  1  5.122  -1.232  0.1006  0.01221  0.03797  0.03698
3  2  0  -3.422  0.8797  -0.1148  0.006637  0.02645  0.00742
3  2  1  0.5376  -3.393  0.1304  0.05022  -0.007797  0.007507
4  0  0  3.99  -0.6967  -0.8257  0.05421  0.0527  -0.0435
4  0  1  -1  -0.9858  -0.717  -0.03208  -0.01822  0.01055
4  1  0  -1.28  1.423  0.5387  0.06591  -0.008119  0.01224
4  1  1  -1.469  5.166  -1.03  -0.042  -0.03083  0.03141
4  2  0  1.804  0.7025  0.327  0.02879  0.004524  0.02954
4  2  1  0.4923  4.65  0.1295  -0.06954  0.002376  -0.04385
5  0  0  2.693  -2.637  0.08665  -0.01416  -0.03564  -0.03463
5  0  1  -2.298  1.289  -1.035  -0.03249  -0.04774  -0.01532
5  1  0  -0.7034  -2.647  -0.6117  -0.0009373  0.03968  -0.03833
5  1  1  -1.519  0.7712  0.1926  -0.01973  -0.02021  0.009111
5  2  0  0.188  2.722  0.06598  -0.01169  -0.02206  -0.009237
5  2  1  -2.48  1.469  -0.01906  -0.02397  -0.01237  -0.02671
6  0  0  3.272  6.377  0.7198  -0.01029  -0.00397  0.009081
6  0  1  -4.023  -1.115  -0.0004676  -0.03226  -0.01496  0.033
6  1  0  -0.6447  -1.881  -0.14  0.00424  0.07801  -0.0265
6  1  1  -7.085  1.455  -0.04865  0.03806  -0.002681  -0.01843
6  2  0  -2.618  -1.304  0.7476  -0.01991  -0.0418  -0.0005579
6  2  1  -1.336  -0.9042  -0.1574  0.005301  -0.009177  0.01073
7  0  0  -4.314  -4.981  0.5026  -0.02272  -0.03316  0.04018
7  0  1  -0.5852  -0.5314  1.045  0.03602  0.01091  0.005344
7  1  0  -2.091  2.936  -0.1438  -0.008502  0.04368  0.02781
7  1  1  1.206  -0.9616  0.4039  0.0612  -0.008926  -0.009726
7  2  0  2.378  3.53  1.072  0.02132  0.03644  0.01859
7  2  1  -1.301  -2.855  0.4472  -0.05494  0.05501  0.04847
