0  0  0  1.029  -4.923  0  2.625  -0.3586  0.958
0  0  1  -5.005  -1.4  0  1.992  -3.182  -0.06372
0  1  0  1.496  0.7056  0  -1.922  -1.025  -1.346
0  1  1  1.966  3.111  0  -0.2122  0.3706  -0.2866
0  2  0  6.233  -4.117  0  1.032  2.857  -0.2165
0  2  1  -1.275  3.781  0  1.716  0.1958  2.927
1  0  0  0.218  -0.5211  0  1.867  3.739  0.7667
1  0  1  -2.566  1.712  0  0.7855  0.02436  3.668
1  1  0  0.1896  1.093  0  3.651  -1.629  -1.896
1  1  1  -0.1029  -2.224  0  3.174  0.5875  0.3011
1  2  0  -4.971  -2.349  0  -5.834  2.805  -0.2776
1  2  1  -0.495  2.071  0  -2.409  -2.261  1.789
2  0  0  -4.257  4.162  0  -1.204  -0.1499  -1.813
2  0  1  -3.909  3.092  0  -3.024  1.679  -3.62
2  1  0  3.925  -4.479  0  2.601  0.4581  -0.4618
2  1  1  -1.741  -2.911  0  4.298  -0.3444  1.149
2  2  0  -2.211  2.093  0  -2.016  0.3484  -1.459
2  2  1  -0.05816  -0.8412  0  -1.924  -3.548  1.305
3  0  0  -6.116  6.025  0  -4.221  0.2967  -1.057
3  0  1  -0.5957  -0.01569  0  0.8916  -1.045  1.484
3  1  0  -4.56  1.448  0  -2.467  -3.604  -4.581
3  1  1  -0.5699  0.2682  0  1.604  0.4033  2.073
3  2  0  -0.8804  0.8815  0  0.7666  0.7063  -4.219
3  2  1  0.39  -6.584  0  -1.164  0.4513  0.637
4  0  0  -1.172  -2.235  0  -2.744  1.881  1.976
4  0  1  0.1233  0.1821  0  0.4453  1.314  -0.5986
4  1  0  1.066  0.2472  0  -1.679  0.3576  1.436
4  1  1  -0.9339  -2.77  0  -2.411  -0.7529  2.388
4  2  0  -2.861  -1.108  0  -4.046  -2.726  1.882
4  2  1  3.447  0.1955  0  -0.04655  1.66  0.847
5  0  0  -0.4483  2.257  0  6.627  0.7756  2.063
5  0  1  -4.229  -3.24  0  0.9196  1.382  -0.2957
5  1  0  -0.4464  -2.062  0  -2.827  1.42  0.4638
5  1  1  -2.142  0.3958  0  0.4009  0.707  -1.182
5  2  0  -0.1481  1.374  0  0.3986  3.841  2.115
5  2  1  -0.9301  -6.307  0  -1.892  -0.8156  -0.7248
6  0  0  -0.994  -2.114  0  0.009913  0.2592  3.113
6  0  1  -3.71  -3.184  0  -2.154  -1.744  0.1649
6  1  0  1.173  0.4526  0  1.822  -3.804  -2.272
6  1  1  0.908  -4.06  0  -0.6936  -1.049  0.8756
6  2  0  1.399  1.03  0  1.789  -0.9557  -2.329
6  2  1  -0.229  3.653  0  1.048  -0.07541  0.5529
7  0  0  -0.9831  2.456  0  1.326  -2.431  -1.698
7  0  1  -3.81  -0.9821  0  -1.451  -1.645  -1.86
7  1  0  -2.027  0.36  0  -0.7739  3.213  0.04014
7  1  1  1.003  0.6253  0  -0.158  -1.967  -3.011
7  2  0  -1.888  -4.329  0  -2.745  2.297  0.554
7  2  1  2.838  -1.774  0  -1.773  -0.06454  0.9126
