0  0  0  0.01686  4.517  0  2.983  0.4012  0.6315
0  0  1  1.708  4.727  0  -0.235  -1.499  1.286
0  1  0  0.7113  2.767  0  1.09  -2.29  1.085
0  1  1  2.438  3.442  0  0.8685  -1.372  -3.19
0  2  0  -3.964  4.826  0  3.94  1.321  -0.8038
0  2  1  -2.528  -0.8779  0  1.485  -1.37  3.394
1  0  0  3.259  -0.01999  0  0.982  -4.56  0.387
1  0  1  0.6095  -0.2407  0  -0.7463  -0.9038  -0.7977
1  1  0  -0.4452  -1.79  0  1.615  -0.535  4.321
1  1  1  4.01  1.395  0  -0.5883  0.0675  5.027
1  2  0  -3.377  4.05  0  -0.1181  -1.418  -3.282
1  2  1  -1.227  5.639  0  -0.5164  0.3106  -1.417
2  0  0  -4.054  -4.17  0  -0.6297  -0.8625  1.881
2  0  1  1.246  1.657  0  0.8933  0.9504  2.011
2  1  0  2.742  3.077  0  0.6202  -0.5719  -0.7607
2  1  1  3.156  2.387  0  0.08383  -0.733  -4.365
2  2  0  2.782  4.201  0  -0.6549  3.055  2.845
2  2  1  -0.5407  1.663  0  -0.00714  -1.119  -1.361
3  0  0  -4.142  -0.3826  0  -1.859  2.671  6.569
3  0  1  0.004833  -4.854  0  -0.07071  3.002  -0.05719
3  1  0  2.629  -4.272  0  -0.9531  -2.112  0.454
3  1  1  -1.36  2.488  0  0.3041  0.1141  -1.472
3  2  0  -1.316  0.73  0  -5.685  2.63  -3.837
3  2  1  -3.381  -2.623  0  -0.5264  -3.102  3.14
4  0  0  1.491  2.502  0  1.15  -1.263  3.016
4  0  1  2.151  0.9243  0  1.591  -3.32  -2.085
4  1  0  -2.193  0.5601  0  -1.105  0.4252  0.4446
4  1  1  -1.789  -2.669  0  3.285  4.59  0.2242
4  2  0  -3.592  -2.352  0  0.9107  0.4923  0.1435
4  2  1  1.635  4.509  0  2.569  3.553  1.133
5  0  0  -1.47  -4.864  0  0.005474  2.154  -2.27
5  0  1  0.788  3.313  0  -0.05883  0.04862  -0.8961
5  1  0  1.067  -2.453  0  2.4  -0.9853  -2.574
5  1  1  4.275  -3.448  0  2.331  -0.2556  0.1482
5  2  0  -4.099  0.4387  0  0.1847  1.533  -1.464
5  2  1  0.4554  0.6564  0  -2.16  -1.205  3.39
6  0  0  -0.2842  2.297  0  1.767  0.597  0.1387
6  0  1  0.7828  1.054  0  0.8119  1.226  1.815
6  1  0  -0.02669  0.8921  0  0.1724  -0.7996  3.318
6  1  1  -0.8573  1.878  0  0.6462  -2.195  0.4132
6  2  0  -6.156  1.375  0  -1.236  1.249  -0.9092
6  2  1  -2.19  1.965  0  1.24  1.023  -2.674
7  0  0  -0.6974  1.451  0  -3.047  0.7119  0.7319
7  0  1  0.06621  1.523  0  1.133  -0.126  -1.183
7  1  0  0.8475  -1.503  0  -1.574  2.571  -2.805
7  1  1  0.5091  0.8955  0  -2.784  3.156  -0.5472
7  2  0  1.325  3.282  0  3.27  1.489  -1.311
7  2  1  6.116  -1.214  0  2.39  -1.908  0.4392
