0  0  0  2.914  -1.711  0  4.052  3.707  -3.043
0  0  1  -3.416  -6.458  0  -0.922  -0.1547  -0.3266
0  1  0  -0.6178  4.515  0  -1.757  -0.2713  -4.865
0  1  1  2.941  2.419  0  -3.218  2.477  -2.001
0  2  0  3.429  -1.102  0  0.5845  -1.176  -3.334
0  2  1  0.8499  1.537  0  -1.323  -2.377  -0.974
1  0  0  -3.098  2.476  0  2.815  -3.218  1.135
1  0  1  0.6998  2.04  0  -0.3062  0.6051  2.69
1  1  0  3.913  3.093  0  0.1767  -0.1518  -1.687
1  1  1  0.8736  2.822  0  4.378  -1.38  1.83
1  2  0  1.054  -1.935  0  -1.37  1.047  -5.076
1  2  1  -1.465  -0.6096  0  2.74  -2.109  2.619
2  0  0  -0.832  0.06624  0  -0.1513  1.619  2.918
2  0  1  2.985  -2.017  0  -0.1084  1.628  -1.292
2  1  0  1.971  -5.507  0  0.1898  0.8004  3.988
2  1  1  -0.3949  -3.986  0  -2.246  0.5537  -0.561
2  2  0  1.183  -2.786  0  0.2074  -2.743  1.884
2  2  1  -0.08338  3.212  0  -0.9336  -0.2336  0.3047
3  0  0  0.9731  -6.111  0  -2.38  -0.5465  0.04966
3  0  1  4.642  -1.431  0  2.335  -0.7045  -4.865
3  1  0  -0.03715  2.534  0  2.802  -1.89  -0.6412
3  1  1  2.573  3.724  0  -2.902  -2.688  -0.6943
3  2  0  -2.766  -3.877  0  3.573  2.921  3.102
3  2  1  -0.6746  -2.833  0  -0.16  -0.8352  2.376
4  0  0  4.333  2.449  0  -2.202  -0.6622  -0.2341
4  0  1  -2.318  -3.218  0  -2.12  -0.7156  3.065
4  1  0  1.08  -2.355  0  -0.6129  -2.542  0.5978
4  1  1  6.248  3.666  0  0.3458  -3.945  -0.6606
4  2  0  -2.865  2.882  0  -0.5977  -0.6978  -3.051
4  2  1  4.24  0.5753  0  1.064  0.8806  -2.174
5  0  0  0.08746  -1.336  0  1.134  -1.611  -1.398
5  0  1  1.993  4.679  0  0.1579  -1.116  -1.301
5  1  0  0.7675  -1.419  0  -0.331  4.514  2.687
5  1  1  2.86  0.2517  0  2.163  1.681  -0.09896
5  2  0  -4.063  8.044  0  -0.5144  -1.437  -5.11
5  2  1  -0.321  1.734  0  2.404  4.961  3.893
6  0  0  -1.935  6.146  0  -0.4459  -3.01  -0.1706
6  0  1  -2.859  2.838  0  -2.372  3.097  -2.163
6  1  0  -3.979  6.135  0  3.45  -2.188  0.4308
6  1  1  -4.866  3.378  0  -0.6751  -0.8498  0.8988
6  2  0  -3.739  0.07518  0  -2.542  -1.266  -1.403
6  2  1  0.1249  2.512  0  1.589  -4.227  -2.706
7  0  0  -2.193  6.162  0  -2.951  1.129  1.176
7  0  1  4.379  -0.09557  0  0.1108  0.6117  -5.644
7  1  0  -0.5562  1.054  0  -4.15  -0.2983  1.208
7  1  1  -4.421  3.905  0  1.488  2.546  1.61
7  2  0  -0.6826  3.864  0  -0.9128  -0.359  0.01937
7  2  1  -1.28  -7.638  0  -1.985  -1.114  0.2638
