0  0  0  -2.022  1.392  0  -4.511  0.1539  -3.046
0  0  1  4.33  0.7628  0  -1.42  -1.422  1.932
0  1  0  -4.138  -1.759  0  0.3084  0.3249  2.361
0  1  1  -5.33  -1.918  0  1.587  -1.474  -2.653
0  2  0  2.535  0.06596  0  0.459  -0.3375  -0.7845
0  2  1  -3.685  -6.996  0  0.3883  -1.015  -2.147
1  0  0  0.1038  2.822  0  -2.624  0.3181  1.218
1  0  1  -1.612  -2.963  0  -1.336  2.159  -1.563
1  1  0  8.186  -0.7508  0  -0.6783  -0.7116  -0.5886
1  1  1  0.8235  1.599  0  -2.945  -2.587  -1.686
1  2  0  1.765  1.278  0  -2.756  -2.366  2.121
1  2  1  -1.41  0.1389  0  3.674  3.381  1.441
2  0  0  2.858  2.569  0  2.392  1.981  1.263
2  0  1  -3.006  -1.035  0  -2.175  -2.806  1.062
2  1  0  -1.319  3.657  0  1.49  0.5646  -0.2915
2  1  1  2.924  2.051  0  1.067  3.194  -1.481
2  2  0  -1.1  -2.978  0  1.588  1.097  1.801
2  2  1  -3.34  1.477  0  -3.56  -2.661  1.598
3  0  0  9.071  -1.749  0  2.343  -0.7337  -3.374
3  0  1  -1.54  -2.163  0  0.9475  -2.283  -1.538
3  1  0  0.5493  -0.06199  0  -0.7719  1.053  -0.4738
3  1  1  2.615  1.033  0  -0.3957  0.2479  -2.94
3  2  0  -6.546  3.918  0  -0.919  -0.04688  -2.224
3  2  1  3.477  -5.235  0  -4.481  0.7295  1.422
4  0  0  3.609  -2.343  0  -2.288  2.806  1.21
4  0  1  -5.636  -2.636  0  0.5319  -0.3163  1.472
4  1  0  -1.513  -2.079  0  1.943  -0.1139  2.118
4  1  1  -2.574  -2.832  0  3.32  1.176  1.03
4  2  0  4.449  -6.859  0  2.448  -2.992  -3.462
4  2  1  -0.6505  2.998  0  0.008224  1.105  3.125
5  0  0  -3.105  -3.134  0  -0.7799  -0.04796  -2.557
5  0  1  -3.718  -4.19  0  3.613  -2.563  1.612
5  1  0  5.383  1.887  0  0.2368  -2.737  -0.6232
5  1  1  2.804  6.647  0  2.1  -2.306  -1.373
5  2  0  0.2878  4.912  0  2.262  0.1337  1.803
5  2  1  -5.004  -6.286  0  -2.031  -1.291  -1.192
6  0  0  -4.054  5.386  0  0.9872  0.02566  1.435
6  0  1  -2.31  4.862  0  0.9258  1.226  2.843
6  1  0  -2.329  -1.166  0  1.015  0.5186  0.2767
6  1  1  1.935  -2.676  0  3.51  2.84  0.5045
6  2  0  4.445  3.928  0  1.49  4.355  -1.337
6  2  1  -5.185  -0.05642  0  3.441  0.001426  -1.842
7  0  0  -3.127  1.376  0  -2.013  -0.3794  -1.383
7  0  1  4.679  1.619  0  -0.3983  1.567  1.305
7  1  0  -0.9093  -1.478  0  1.585  -1.14  5.526
7  1  1  3.339  4.7  0  1.487  0.2377  -1.286
7  2  0  -4.574  2.187  0  1.599  -0.6615  1.071
7  2  1  0.2181  4.605  0  1.036  4.675  -1.731
