0  0  0  1.029  -4.923  0.7997  0.04582  -0.00626  0.01672
0  0  1  -5.005  -1.4  -0.2628  0.03477  -0.05555  -0.001112
0  1  0  1.496  0.7056  -0.3818  -0.03355  -0.01789  -0.0235
0  1  1  1.966  3.111  -0.6672  -0.003704  0.006469  -0.005003
0  2  0  6.233  -4.117  -0.6495  0.01801  0.04987  -0.003778
0  2  1  -1.275  3.781  -0.6035  0.02995  0.003418  0.05109
1  0  0  0.218  -0.5211  -0.7612  0.03259  0.06527  0.01338
1  0  1  -2.566  1.712  0.8111  0.01371  0.0004252  0.06402
1  1  0  0.1896  1.093  0.7327  0.06373  -0.02843  -0.0331
1  1  1  -0.1029  -2.224  -1.101  0.05539  0.01026  0.005255
1  2  0  -4.971  -2.349  -0.1423  -0.1018  0.04896  -0.004846
1  2  1  -0.495  2.071  0.1245  -0.04204  -0.03946  0.03122
2  0  0  -4.257  4.162  1.132  -0.02102  -0.002617  -0.03164
2  0  1  -3.909  3.092  0.9752  -0.05279  0.02932  -0.06318
2  1  0  3.925  -4.479  0.8276  0.04541  0.007996  -0.008061
2  1  1  -1.741  -2.911  0.1893  0.07503  -0.006012  0.02005
2  2  0  -2.211  2.093  0.06152  -0.03519  0.006081  -0.02547
2  2  1  -0.05816  -0.8412  -0.2862  -0.03358  -0.06192  0.02278
3  0  0  -6.116  6.025  0.17  -0.07369  0.005178  -0.01844
3  0  1  -0.5957  -0.01569  0.5669  0.01556  -0.01823  0.02591
3  1  0  -4.56  1.448  -0.9039  -0.04306  -0.06292  -0.07997
3  1  1  -0.5699  0.2682  -0.3778  0.028  0.007039  0.03619
3  2  0  -0.8804  0.8815  -0.5421  0.01338  0.01233  -0.07364
3  2  1  0.39  -6.584  0.7816  -0.02031  0.007877  0.01112
4  0  0  -1.172  -2.235  -0.8388  -0.04789  0.03283  0.03449
4  0  1  0.1233  0.1821  -0.4573  0.007773  0.02294  -0.01045
4  1  0  1.066  0.2472  0.339  -0.02931  0.006242  0.02507
4  1  1  -0.9339  -2.77  0.8287  -0.04208  -0.01314  0.04168
4  2  0  -2.861  -1.108  -0.5985  -0.07062  -0.04758  0.03285
4  2  1  3.447  0.1955  -0.1107  -0.0008125  0.02897  0.01478
5  0  0  -0.4483  2.257  0.4435  0.1157  0.01354  0.036
5  0  1  -4.229  -3.24  -0.2064  0.01605  0.02412  -0.005161
5  1  0  -0.4464  -2.062  0.853  -0.04934  0.02478  0.008096
5  1  1  -2.142  0.3958  0.03702  0.006998  0.01234  -0.02063
5  2  0  -0.1481  1.374  0.1623  0.006957  0.06705  0.03693
5  2  1  -0.9301  -6.307  0.12  -0.03303  -0.01424  -0.01265
6  0  0  -0.994  -2.114  -0.1783  0.000173  0.004524  0.05434
6  0  1  -3.71  -3.184  -0.6398  -0.0376  -0.03043  0.002878
6  1  0  1.173  0.4526  0.8088  0.0318  -0.06639  -0.03967
6  1  1  0.908  -4.06  -0.8882  -0.01211  -0.01832  0.01528
6  2  0  1.399  1.03  -0.5282  0.03122  -0.01668  -0.04066
6  2  1  -0.229  3.653  -0.04182  0.01829  -0.001316  0.00965
7  0  0  -0.9831  2.456  0.219  0.02315  -0.04243  -0.02964
7  0  1  -3.81  -0.9821  -0.322  -0.02533  -0.02872  -0.03246
7  1  0  -2.027  0.36  -0.2098  -0.01351  0.05608  0.0007006
7  1  1  1.003  0.6253  0.3171  -0.002758  -0.03434  -0.05255
7  2  0  -1.888  -4.329  -0.5695  -0.04791  0.0401  0.00967
7  2  1  2.838  -1.774  -0.4357  -0.03096  -0.001127  0.01593
