0  0  0  2.892  1.916  0  -3.947  1.522  -0.4927
0  0  1  2.607  -0.4611  0  -0.3215  1.402  -0.6313
0  1  0  3.504  -4.407  0  0.2082  -2.079  -2.775
0  1  1  -1.825  1.219  0  -0.9464  2.396  4.48
0  2  0  -3.952  3.02  0  -3.155  -0.7036  -1.639
0  2  1  3.155  -1.364  0  3.273  -2.06  -2.528
1  0  0  -5.482  0.5062  0  -0.3846  2.604  -1.1
1  0  1  -6.769  -0.9513  0  3.572  -1.604  -1.354
1  1  0  -1.886  -0.9773  0  -2.134  -1.812  0.7671
1  1  1  -0.4306  -0.3757  0  0.8736  0.0519  -1.6
1  2  0  -2.043  0.1435  0  -0.487  -1.336  -1.546
1  2  1  2.819  2.552  0  2.733  0.5337  0.6736
2  0  0  -4.043  -2.007  0  0.1729  0.5528  -1.568
2  0  1  -0.6173  1.161  0  -1.911  0.4824  2.63
2  1  0  -0.01807  -3.285  0  0.9393  -0.1442  2.112
2  1  1  2.008  -0.6515  0  2.377  -0.5527  1.31
2  2  0  -5.723  1.122  0  -0.2348  -2.068  -3.272
2  2  1  0.1793  -1.856  0  -0.1493  -2.107  4.265
3  0  0  0.5191  -0.2215  0  -2.246  3.436  -1.2
3  0  1  0.04158  -0.8287  0  -0.343  -0.07671  -0.6996
3  1  0  -0.001839  -1.562  0  -1.13  -4.592  0.682
3  1  1  -1.846  9.058  0  -2.386  1.746  2.305
3  2  0  -2.932  2.909  0  -1.815  -3.714  1.626
3  2  1  -1.852  -0.8256  0  2.587  -0.8839  1.215
4  0  0  -1.874  -1.861  0  2.768  0.7948  -2.213
4  0  1  3.111  0.3759  0  4.174  -1.327  0.4639
4  1  0  6.998  -4.201  0  0.8015  2.553  0.7926
4  1  1  -2.123  0.2709  0  1.09  1.179  2.872
4  2  0  -1.341  0.7315  0  1.126  0.7905  2.269
4  2  1  0.4939  -4.742  0  -1.772  0.1387  -2.962
5  0  0  2.973  1.631  0  -1.916  -0.4839  -2.804
5  0  1  0.2621  -6.353  0  -1.568  -0.2841  4.084
5  1  0  3.539  0.7389  0  2.406  2.597  -2.359
5  1  1  6.601  -0.1859  0  -1.368  1.482  -1.564
5  2  0  -0.1973  -1.894  0  -3.473  -0.2514  -2.341
5  2  1  -4.225  4.19  0  1.245  1.377  0.3686
6  0  0  0.09986  -5.55  0  -2.577  2.765  -2.331
6  0  1  -0.8066  2.616  0  -1.275  -2.243  1.099
6  1  0  0.8702  0.6276  0  4.08  0.04763  -1.154
6  1  1  0.733  -3.823  0  0.9828  -1.072  -1.352
6  2  0  -2.176  0.1489  0  -3.118  1.21  2.636
6  2  1  4.94  -6.924  0  -0.802  4.408  -2.343
7  0  0  3.387  -5.98  0  -4.181  3.139  2.257
7  0  1  -6.611  -0.6869  0  -3.654  2.886  3.102
7  1  0  -4.401  3.103  0  -3.059  -1.259  1.317
7  1  1  2.346  -1.041  0  1.538  -2.045  -0.2202
7  2  0  -0.4985  -4.682  0  3.875  0.8798  0.6303
7  2  1  -0.1433  -1.996  0  -2.821  0.6751  -0.5456
