0  0  0  -1.5  9.924  0.4152  -0.04851  0.006812  -0.02902
0  0  1  -2.379  -0.3344  0.2084  -0.06853  -0.04578  -0.0323
0  1  0  -1.79  -0.3094  0.2713  0.02679  -0.01126  0.02226
0  1  1  -0.7648  3.374  0.4247  -0.00565  -0.01611  -0.03844
0  2  0  -0.0245  0.9363  -0.3255  -0.01473  -0.01694  0.01047
0  2  1  2.393  -2.474  0.02133  -0.03759  -0.0002091  -0.02438
1  0  0  2.03  2.276  -0.4026  -0.04416  0.04081  0.009483
1  0  1  0.7138  -1.297  -0.672  -0.05725  0.009389  -0.01095
1  1  0  -3.777  0.8549  0.3423  0.0153  -0.01481  -0.000845
1  1  1  -0.4525  1.574  -0.4269  -0.006579  0.03643  0.005804
1  2  0  2.293  7.132  -0.2586  0.04431  -0.02959  0.03842
1  2  1  -4.428  -0.9736  -0.6821  0.01387  -0.04837  0.01315
2  0  0  -3.969  2.995  -0.5699  0.07381  -0.03698  -0.02856
2  0  1  1.915  -2.229  -0.3343  -0.0729  0.00627  -0.02552
2  1  0  2.611  -2.572  0.4098  -0.05169  -0.0126  -0.03652
2  1  1  -0.6119  3.683  0.1244  0.02644  0.01503  0.01755
2  2  0  1.017  -3.371  0.1886  -0.002777  0.0249  0.05848
2  2  1  4.173  1.113  -0.5891  -0.03045  0.0264  0.006758
3  0  0  -1.06  3.584  -0.5416  0.01595  -0.01136  -0.07201
3  0  1  -1.919  0.4582  -0.1559  -0.02533  0.03739  -0.02941
3  1  0  -1.413  1.833  0.2704  -0.06163  0.02841  -0.0453
3  1  1  3.02  -2.261  0.05112  -0.005283  -0.02055  -0.02463
3  2  0  3.608  -3.201  -0.3872  0.0391  0.04241  0.004454
3  2  1  -2.402  -0.2187  -0.3341  0.01393  0.01162  0.001594
4  0  0  -2.063  1.019  -0.2729  0.01524  0.04414  0.05749
4  0  1  -3.147  -0.3114  -0.4303  0.006244  0.03606  0.05116
4  1  0  0.4635  -0.7069  -0.3551  0.04752  -0.05006  0.05002
4  1  1  -1.889  0.3368  0.04147  -0.02619  -0.001757  -0.03963
4  2  0  -4.514  -3.251  -0.01821  0.004231  -0.02621  -0.0343
4  2  1  -4.865  -1.316  0.7047  -0.03131  0.02166  -0.0136
5  0  0  -5.085  4.561  0.8193  0.0191  0.02334  0.03237
5  0  1  -2.878  -3.158  0.2406  -0.01355  -0.05449  -0.001656
5  1  0  -1.213  -0.5701  -0.2459  -0.01823  0.01125  -0.02163
5  1  1  -2.681  -1.924  0.3388  -0.03736  -0.03017  0.02577
5  2  0  2.954  2.803  -0.08272  -0.005653  -0.04009  -0.0161
5  2  1  -1.673  -2.006  0.07028  -0.04134  -0.04718  0.01764
6  0  0  1.575  2.152  -0.5236  0.01451  -0.06121  0.02564
6  0  1  -0.245  3.903  0.3619  0.004815  0.02692  0.05996
6  1  0  1.91  -8.064  0.7966  0.003441  -0.02814  -0.009588
6  1  1  -1.116  -3.571  0.07166  0.02781  0.006365  -0.03322
6  2  0  -1.433  4.255  -0.1602  -0.005447  0.01549  -0.03439
6  2  1  0.8932  1.162  -0.2576  0.003916  -0.07163  0.005305
7  0  0  -1.852  -2.994  -0.7021  0.003774  -0.01649  -0.0005284
7  0  1  2.739  1.324  1.146  0.0465  -0.0005279  -0.01459
7  1  0  -0.138  -1.854  -0.4433  0.01868  -0.03994  -0.02416
7  1  1  1.778  -4.492  -0.6375  0.04601  -0.02157  -0.01665
7  2  0  -0.48  -0.5503  -0.4426  -0.01935  -0.01044  0.001685
7  2  1  -0.9671  -4.44  -0.3907  0.005935  -0.01379  -0.02147
