0  0  0  0.5321  1.26  0  -3.347  -0.09623  -1.735
0  0  1  3.174  3.985  0  0.4139  0.4955  -1.124
0  1  0  -0.002317  2.221  0  -1.991  0.9073  0.4056
0  1  1  -0.09015  4.504  0  -2.498  -0.08015  -3.532
0  2  0  -0.7474  2.78  0  5.243  1.306  2.13
0  2  1  2.645  -0.3537  0  2.683  3  -0.7306
1  0  0  1.961  -2.406  0  0.2448  -0.7002  1.246
1  0  1  0.8948  -4.985  0  -0.5731  -1.442  1.102
1  1  0  -0.206  4.732  0  -2.053  -0.2766  0.2211
1  1  1  -3.148  -1.045  0  -4.648  2.042  1.516
1  2  0  -0.1155  -2.054  0  -4.199  -0.2754  -0.9342
1  2  1  -1.001  0.6732  0  -0.9488  2.351  0.5953
2  0  0  -1.043  -1.265  0  -0.07154  0.3251  -2.021
2  0  1  6.252  -6.084  0  1.437  -1.1  1.007
2  1  0  0.04393  -1.475  0  -1.736  1.254  0.8607
2  1  1  0.3349  -1.284  0  -0.5127  -1.148  -1.639
2  2  0  -0.2163  -1.01  0  1.848  -6.037  2.686
2  2  1  3.43  -3.308  0  0.114  -2.033  3.252
3  0  0  -2.13  -2.959  0  -3.366  -0.5609  -3.608
3  0  1  4.152  -5.075  0  -0.9386  -0.9649  1.45
3  1  0  -4.593  -4.337  0  5.506  1.722  0.9404
3  1  1  0.5895  0.3007  0  0.4554  2.372  -0.2219
3  2  0  -0.1799  -2.771  0  2.258  -1.27  1.244
3  2  1  2.247  -7.25  0  0.5461  -3.046  -1.091
4  0  0  -1.561  5.813  0  2.045  0.7308  -1.529
4  0  1  -3.582  -0.9766  0  -1.888  -1.264  0.6909
4  1  0  -2.559  -0.1228  0  0.4066  0.876  0.3564
4  1  1  3.409  -2.61  0  -0.1327  -1.326  -0.2211
4  2  0  -3.249  -0.7387  0  0.8862  2.46  0.08615
4  2  1  -2.309  -0.1032  0  0.1156  -0.5642  0.7981
5  0  0  -0.8273  1.915  0  2.455  -1.677  0.2326
5  0  1  -2.63  -3.152  0  0.3432  3.961  2.372
5  1  0  0.7967  -0.8364  0  0.5999  -0.6751  2.198
5  1  1  5.705  -5.674  0  -2.251  3.009  0.2559
5  2  0  -3.245  -1.204  0  -2.611  1.824  -0.3531
5  2  1  -0.07035  2.052  0  4.342  1.508  -1.531
6  0  0  3.765  5.193  0  1.636  -0.5528  -1.058
6  0  1  1.388  -1.513  0  1.577  0.8638  -1.401
6  1  0  -0.2837  -0.1257  0  -2.172  -0.3388  2.355
6  1  1  -0.09157  0.8193  0  -2.72  -0.1978  2.37
6  2  0  5.623  2.483  0  1.935  6.548  1.158
6  2  1  -2.172  1.912  0  0.4113  -0.2412  -0.1198
7  0  0  -4.404  -2.229  0  2.378  -2.225  1.409
7  0  1  4.287  1.476  0  0.8278  -2.727  -4.768
7  1  0  1.964  -1.442  0  -1.409  -1.436  2.958
7  1  1  -0.2245  5.944  0  2.026  3.02  0.6747
7  2  0  -1.807  4.282  0  -0.4167  1.3  1.876
7  2  1  -1.663  -3.805  0  0.8468  -3.468  0.005557
