0  0  0  -0.2056  -1.752  0  0.7575  -0.7301  -1.383
0  0  1  -4.767  -3.963  0  -1.274  -0.5388  1.168
0  1  0  -1.345  -0.2141  0  -0.8976  -1.781  -0.6812
0  1  1  -0.06992  6.236  0  -2.269  2.723  -1.179
0  2  0  -1.844  0.5442  0  -0.1712  1.211  0.4887
0  2  1  2.781  3.717  0  -2.324  -1.91  1.739
1  0  0  -5.068  4.041  0  0.5434  -1.487  -0.6147
1  0  1  1.621  -0.5584  0  0.1988  -1.111  -1.581
1  1  0  5.044  -0.4217  0  0.3634  -0.8399  -0.3539
1  1  1  -4.077  0.5812  0  -0.2279  -1.769  -4.263
1  2  0  1.145  3.02  0  0.6095  1.312  0.2779
1  2  1  -0.3642  4.074  0  -2.353  -1.649  -0.3498
2  0  0  -2.025  3.751  0  -1.664  1.661  0.07345
2  0  1  3.219  6.294  0  0.9855  0.9302  0.6487
2  1  0  1.601  -7.56  0  0.8471  -0.4704  -2.323
2  1  1  -0.9398  -1.939  0  0.4962  4.402  -0.04388
2  2  0  -3.609  -5.889  0  -2.083  -1.363  1.753
2  2  1  0.003166  -0.5491  0  -1.514  0.7106  3.203
3  0  0  -5.579  1.378  0  -0.5618  3.642  0.764
3  0  1  -2.975  -5.997  0  -0.8051  -1.597  0.08524
3  1  0  -2.55  0.1449  0  0.3767  -0.8245  -2.721
3  1  1  3.285  1.191  0  -2.183  3.921  -2.195
3  2  0  -0.248  -2.005  0  3.2  0.3486  -2.777
3  2  1  2.815  -4.744  0  3.467  -2.658  -0.5751
4  0  0  1.291  2.18  0  -2.715  1.939  4.611
4  0  1  1.782  1.662  0  0.9402  -2.047  -0.5799
4  1  0  -4.92  -1.468  0  -1.124  -1.101  1.711
4  1  1  -0.04497  3.561  0  -0.0258  -0.08845  -2.741
4  2  0  1.185  -1.453  0  -1.559  -1.153  -3.715
4  2  1  0.6302  5.9  0  0.4193  -2.874  1.658
5  0  0  1.684  -3.333  0  1.347  1.864  -1.111
5  0  1  2.369  0.4928  0  3.902  -2.757  0.2871
5  1  0  1.837  0.3779  0  2.173  1.532  -1.438
5  1  1  2.523  -4.387  0  0.9632  2.088  -1.912
5  2  0  3.042  2.906  0  0.4391  3.56  -0.8071
5  2  1  3.618  0.6042  0  1.079  -2.267  -1.642
6  0  0  2.519  -2.03  0  -0.2925  -0.551  -4.426
6  0  1  -2.98  2.625  0  4.099  -0.1916  2.07
6  1  0  1.275  1.29  0  -2.117  -3.446  -2.127
6  1  1  3.555  -0.633  0  0.1048  -4.742  -0.4135
6  2  0  2.822  1.884  0  0.4813  -1.337  0.1399
6  2  1  2.783  4.574  0  2.82  3.439  0.09794
7  0  0  -1.926  2.553  0  0.5342  0.2075  -0.1179
7  0  1  2.633  -2.056  0  0.5329  -0.8786  -2.722
7  1  0  -3.035  2.686  0  0.9467  0.02812  0.8543
7  1  1  0.2626  -3.545  0  -0.1275  0.5717  0.7559
7  2  0  -4.389  1.11  0  0.5056  -2.53  0.1393
7  2  1  -1.268  -1.659  0  -4.231  2.724  -3.151
