0  0  0  -0.6808  -1.386  0  0.1102  -0.3987  -0.3551
0  0  1  -2.762  1.759  0  1.308  2.001  1.969
0  1  0  -2.166  6.454  0  -1.411  1.944  2.929
0  1  1  0.5118  3.225  0  -1.47  0.6906  -0.03547
0  2  0  -2.056  2.373  0  -0.9903  1.226  -1.661
0  2  1  -0.5274  1.006  0  -2.704  1.483  -2.712
1  0  0  -4.538  -0.5038  0  -1.009  -1.888  2.284
1  0  1  3.686  -1.119  0  0.2742  5.013  -0.6844
1  1  0  0.1659  4.795  0  -0.2277  0.3809  0.773
1  1  1  -0.8859  0.7868  0  1.701  0.8502  -2.82
1  2  0  -0.9743  -0.8166  0  -4.451  -0.9921  2.015
1  2  1  4.953  0.7653  0  -0.5058  1.937  1.749
2  0  0  -2.288  -2.935  0  2.581  0.8831  -0.9747
2  0  1  -1.303  3.005  0  -3.601  1.052  1.71
2  1  0  3.923  1.266  0  -1.442  -1.397  1.667
2  1  1  4.407  0.4995  0  -0.4122  -0.4783  -0.9961
2  2  0  0.05502  2.893  0  -0.3316  -0.2752  2.079
2  2  1  -0.03412  -2.533  0  1.416  1.499  -1.511
3  0  0  2.037  -2.722  0  -0.3636  0.5934  -0.1758
3  0  1  1.668  -6.12  0  -4.205  0.2829  -1.875
3  1  0  -0.0109  -4.04  0  -1.827  -2.882  -1.786
3  1  1  1.943  -2.131  0  -0.2364  2.472  -1.805
3  2  0  1.315  -4.505  0  2.788  -3.361  4.207
3  2  1  -4.847  0.1124  0  1.028  -0.0699  -1.587
4  0  0  2.761  -0.2205  0  1.644  -2.09  1.079
4  0  1  4.637  -2.96  0  0.3448  -0.9152  0.5454
4  1  0  -1.184  -1.46  0  0.1011  -0.7593  0.5674
4  1  1  2.438  1.894  0  -0.5995  -1.803  0.3146
4  2  0  2.562  0.4338  0  0.06631  1.758  -1.792
4  2  1  1.861  1.394  0  -1.168  0.01572  2.876
5  0  0  -0.5107  -0.03314  0  -3.247  3.291  2.952
5  0  1  1.892  -4.413  0  0.4607  -0.4568  -0.9349
5  1  0  2.759  -3.995  0  4.707  -1.654  0.8326
5  1  1  0.9551  -1.116  0  -4.425  -1.616  -1.755
5  2  0  -1.142  5.436  0  -1.974  -1.922  0.175
5  2  1  1.318  -0.843  0  0.5077  -0.1098  0.1692
6  0  0  -4.37  0.5011  0  1.541  3.519  1.168
6  0  1  1.21  -3.41  0  1.135  1.493  -0.064
6  1  0  1.954  -4.214  0  -2.722  1.787  -2.025
6  1  1  2.458  -3.367  0  -1.494  0.008147  -0.3202
6  2  0  -3.145  1.992  0  0.1251  2.422  -1.611
6  2  1  0.1018  0.9008  0  2.088  -1.543  1.493
7  0  0  -1.442  1.839  0  1.918  -1.238  2.698
7  0  1  6.337  6.293  0  -0.3918  2.309  2.212
7  1  0  -1.096  -1.642  0  -0.3523  -3.272  2.169
7  1  1  1.873  2.021  0  2.42  3.148  -0.2398
7  2  0  -0.2218  0.7253  0  -0.4516  -0.6147  -1.073
7  2  1  -1.098  3.033  0  1.307  2.875  0.1496
