0  0  0  2.197  0.4304  0.5434  -0.002164  0.04722  0.02291
0  0  1  0.6557  1.56  -0.3562  0.006603  0.0482  -0.02798
0  1  0  3.671  0.1084  -0.2497  -0.003637  -0.002924  0.01989
0  1  1  4.06  1.023  0.00512  -0.03876  -0.02926  -0.006848
0  2  0  0.1466  1.492  -0.7657  -0.01061  -0.04023  -0.01325
0  2  1  -0.8639  -2.176  0.5627  -0.01076  -0.003196  -0.009912
1  0  0  -2.86  0.5707  -0.01562  -0.0129  -0.01674  -0.06524
1  0  1  -2.009  8.332  0.4126  0.02515  0.05889  0.003531
1  1  0  2.782  5.312  -0.443  -0.01776  0.02043  0.02868
1  1  1  1.223  -1.988  0.7341  0.01112  -0.005624  -0.01632
1  2  0  -1.459  -0.9484  0.3764  0.03333  0.0244  -0.05005
1  2  1  -0.2419  -1.75  0.01226  -0.00455  -0.02389  0.07418
2  0  0  -1.552  3.059  -0.3907  -0.02039  -0.02286  -0.003597
2  0  1  2.814  1.256  -0.007013  0.03392  0.01587  0.01798
2  1  0  4.214  0.5994  -0.7067  0.02715  -0.003517  0.04587
2  1  1  -3.508  2.22  -0.8506  -0.04219  0.03358  -0.02749
2  2  0  -0.2578  1.568  -0.5744  0.03743  0.01521  0.005853
2  2  1  0.3538  -1.189  -0.3997  0.02209  -0.009145  0.03268
3  0  0  -0.6277  -1.01  -0.1058  0.05796  0.04439  -0.06154
3  0  1  4.072  3.503  0.6668  -0.0141  -0.0401  0.0243
3  1  0  0.7556  -3.485  0.2071  0.05318  -0.03835  0.002381
3  1  1  -3.903  -2.882  0.2052  -0.06383  -0.0225  -0.04257
3  2  0  -4.952  0.8257  0.5125  0.01447  0.02693  0.02252
3  2  1  1.651  0.2618  -0.4915  -0.03303  -0.03652  0.002104
4  0  0  -1.947  6.133  -0.7056  -0.03923  0.03618  -0.07208
4  0  1  -2.963  2.212  1.12  0.002282  0.03449  -0.01795
4  1  0  6.141  -0.3317  0.4974  0.05095  0.02481  0.01043
4  1  1  2.234  -5.33  -0.5504  -0.04228  0.01569  -0.02534
4  2  0  -2.043  -5.764  0.2757  -0.0178  0.05132  -0.006508
4  2  1  -0.9659  -3.409  -0.3308  0.002142  -0.0249  0.03575
5  0  0  0.932  -0.4612  -0.4092  0.002751  0.04125  -0.01552
5  0  1  -1.046  -1.129  0.2049  0.01184  -0.11  0.05981
5  1  0  2.927  1.107  -0.2212  -0.0004388  0.0136  0.01299
5  1  1  2.171  1.14  0.274  0.002697  -0.03348  -0.0141
5  2  0  8.255  3.554  1.089  0.02165  0.0421  -0.001652
5  2  1  -0.8424  -0.8185  -0.5778  0.0169  -0.01415  0.001614
6  0  0  1.925  -0.1562  -0.9488  -0.01808  0.04812  -0.02231
6  0  1  -8.173  2.685  -0.06831  0.004834  0.02157  0.0107
6  1  0  -0.4434  0.6533  -0.0855  0.0404  -0.02579  0.01441
6  1  1  0.8789  -0.06661  -0.03648  -0.01632  0.04472  0.07707
6  2  0  4.241  2.49  -0.5212  -0.007655  -0.03422  0.03108
6  2  1  -3.225  -0.4109  0.5118  -0.006882  0.01693  0.01784
7  0  0  5.76  -4.308  0.4763  0.0314  -0.04209  -0.03032
7  0  1  -0.4168  -5.656  -0.01747  -0.01138  -0.03032  -0.03144
7  1  0  1.145  2.89  0.4663  0.003195  -0.00689  0.00852
7  1  1  2.199  0.9596  0.4158  -0.02409  0.02782  0.0667
7  2  0  8.862  3.497  0.1975  -0.04474  0.02311  0.01882
7  2  1  -0.6763  -0.6013  -0.2907  0.05425  0.03362  0.02949
